313 532

1 54 162
1 62 168
2 70 46
2 143 106
2 224 14
3 8 40
3 231 46
3 232 6
4 46 82
4 122 130
4 198 6
4 199 40
5 41 116
5 52 50
5 57 120
6 9 40
6 14 20
6 150 72
6 182 148
7 18 30
7 188 4
7 194 52
7 270 152
8 197 46
8 304 124
9 46 20
9 111 6
10 49 128
10 185 80
10 305 50
11 65 18
11 126 76
11 155 96
11 210 90
12 83 194
12 232 106
12 274 170
13 82 20
13 138 52
13 238 14
14 46 40
14 199 82
14 298 148
15 59 34
15 167 178
15 194 46
15 291 22
16 50 18
16 127 96
16 210 10
16 300 42
17 89 142
17 152 54
17 264 88
17 288 68
18 191 46
18 241 4
19 112 58
19 220 28
19 242 182
19 290 158
20 212 124
20 266 46
20 308 72
21 36 88
21 104 14
21 165 114
22 67 28
22 239 46
22 287 14
23 26 100
23 130 194
23 197 124
23 304 46
24 112 28
24 220 58
24 267 68
24 303 14
25 142 14
25 176 46
25 222 8
25 285 42
26 122 6
26 198 130
26 223 124
27 157 26
27 207 10
27 216 166
28 93 54
28 250 26
28 288 10
29 43 66
29 166 130
29 217 34
29 240 92
30 170 28
30 207 166
30 216 10
31 65 76
31 126 18
31 175 52
31 204 54
32 131 74
32 147 58
32 162 166
32 245 182
33 57 46
33 173 90
33 184 72
34 41 52
34 277 14
34 299 12
35 54 32
35 156 56
35 309 50
36 182 66
36 296 114
37 180 52
37 181 76
37 284 22
38 166 27
38 261 39
39 44 14
39 65 52
39 175 76
39 193 90
40 186 182
40 189 142
41 179 120
42 101 32
42 106 58
42 124 56
42 309 58
43 87 34
43 132 76
43 261 130
44 61 90
44 128 154
44 236 76
45 158 28
45 183 10
45 246 14
46 109 6
47 220 182
47 242 28
47 281 14
48 142 8
48 222 14
48 306 74
48 311 66
49 90 92
49 113 80
50 69 42
50 70 52
50 310 10
51 53 66
51 66 62
51 196 12
52 73 46
52 243 8
53 71 4
53 168 12
54 101 108
55 289 10
55 297 64
55 301 74
56 93 46
56 95 78
56 262 26
57 179 116
58 200 10
58 257 122
58 292 8
59 68 22
59 171 46
59 192 130
60 140 138
60 151 10
60 292 66
61 193 14
61 206 10
61 221 154
62 96 110
62 125 166
63 72 90
63 85 22
63 153 31
64 159 6
64 244 100
64 286 194
65 310 90
66 129 42
66 209 80
66 252 12
67 94 80
67 139 46
67 161 14
68 121 130
68 240 8
68 291 34
69 125 110
69 300 18
70 193 10
70 206 14
71 191 12
71 254 76
72 181 22
72 284 76
73 105 12
73 133 8
73 173 80
74 77 58
74 100 182
74 117 54
74 131 170
75 89 88
75 118 120
75 264 142
76 106 56
76 124 58
76 284 58
77 84 68
77 235 54
77 251 170
78 89 104
78 146 178
78 227 76
79 82 82
79 108 14
79 175 54
79 204 52
80 112 68
80 134 48
80 267 28
80 313 64
81 88 54
81 128 76
81 236 154
82 211 14
82 260 52
83 98 106
84 195 54
84 266 120
84 297 170
85 116 10
85 181 90
85 282 52
86 91 53
86 178 32
86 293 114
87 146 76
87 217 66
87 227 178
88 108 154
88 199 148
88 298 82
90 120 66
90 255 80
91 106 79
92 141 107
92 287 66
92 302 28
93 152 78
94 268 14
94 285 8
95 152 46
95 308 16
96 116 42
96 272 52
97 248 178
97 250 92
97 262 8
98 154 46
98 232 194
99 105 80
99 205 8
99 268 66
99 302 80
100 115 170
100 189 54
101 123 58
102 147 68
102 203 166
102 297 74
102 301 64
103 169 20
103 258 82
103 260 18
104 253 52
104 299 114
105 129 8
105 226 80
106 123 32
107 183 14
107 203 64
107 246 10
107 301 166
108 211 82
108 236 54
109 111 20
109 198 82
109 247 124
110 218 50
110 306 66
110 311 74
111 190 124
112 249 48
113 185 128
113 214 47
113 255 92
114 159 130
114 177 40
114 271 40
115 131 182
115 245 74
116 127 52
117 186 142
117 189 182
117 235 58
118 149 68
118 195 142
119 136 62
119 243 42
119 252 46
119 259 30
120 145 76
120 278 80
121 192 22
121 234 8
122 128 188
123 178 132
124 172 58
125 143 52
126 180 96
126 258 54
127 272 42
127 282 10
128 221 90
129 133 12
129 205 80
130 135 46
130 206 154
130 221 10
131 251 58
132 146 34
132 273 130
133 243 46
133 252 42
134 201 64
134 249 68
135 202 106
135 224 154
135 304 194
136 196 46
136 241 66
136 312 30
137 247 40
137 271 42
137 290 18
138 169 18
138 260 20
139 174 88
139 239 28
140 163 66
140 215 4
140 230 26
141 295 27
142 187 42
142 209 66
143 148 14
144 151 66
144 200 8
144 292 10
145 276 80
147 251 74
147 303 166
148 202 154
148 224 106
149 186 58
149 235 142
150 263 18
151 212 44
152 266 88
153 156 27
154 244 194
154 286 100
155 180 76
155 181 52
155 282 90
156 172 50
157 269 26
158 207 14
158 263 76
159 223 40
159 231 100
160 271 18
160 279 182
160 290 42
161 268 80
161 287 28
161 302 66
162 220 14
162 281 182
162 303 58
163 233 26
163 256 62
163 292 138
164 238 28
164 253 38
165 277 12
165 296 88
165 299 14
166 234 92
166 255 70
167 215 98
167 262 22
168 191 4
168 196 66
168 241 46
169 184 78
170 246 166
170 289 74
170 301 10
171 194 34
171 228 130
172 219 20
173 226 12
174 176 42
174 285 46
175 236 14
176 229 8
177 198 124
177 223 130
177 247 82
178 225 158
179 253 6
180 208 132
182 238 154
182 298 20
183 267 64
183 313 28
184 213 18
185 218 66
185 306 50
187 205 66
187 268 8
187 285 14
188 230 152
188 241 30
188 312 66
190 247 20
190 249 90
192 228 46
193 310 52
195 235 68
195 264 120
196 252 62
197 223 100
197 231 40
200 216 52
200 275 122
201 263 38
201 313 48
202 274 194
203 267 14
203 303 68
204 258 18
204 260 82
205 209 42
206 224 46
207 246 28
208 213 24
208 293 74
209 311 8
210 282 96
210 310 18
211 238 20
211 298 154
212 289 46
213 295 74
214 234 23
215 270 26
217 248 92
217 250 178
218 254 4
219 309 36
222 229 46
225 239 20
225 283 166
226 302 80
227 250 66
228 254 52
229 283 20
230 233 66
230 270 4
231 244 6
232 244 46
233 280 62
233 312 152
234 240 130
237 256 68
237 257 138
237 265 26
240 248 34
242 307 158
245 281 166
248 291 8
251 297 68
255 278 66
256 280 26
257 275 10
259 280 152
259 312 62
261 273 76
261 278 70
262 291 178
264 266 54
265 277 32
265 280 68
269 275 44
269 296 86
272 300 96
273 276 70
274 304 106
276 278 76
279 286 170
279 307 42
283 294 27
290 307 182
293 295 24
294 305 47
305 306 80

1 0 0
2 386 106
3 912 106
4 742 382
5 284 676
6 702 484
7 314 908
8 872 106
9 742 484
10 0 908
11 316 252
12 918 0
13 386 484
14 702 464
15 314 1006
16 316 152
17 596 1128
18 284 908
19 930 622
20 684 1028
21 466 550
22 66 618
23 748 152
24 872 650
25 66 776
26 748 252
27 692 664
28 518 1128
29 280 1128
30 702 830
31 334 328
32 930 830
33 238 556
34 452 676
35 32 162
36 554 550
37 168 328
38 150 1155
39 386 252
40 1112 1270
41 400 676
42 32 270
43 280 1194
44 400 252
45 730 650
46 742 464
47 1112 650
48 80 784
49 0 1036
50 334 152
51 226 838
52 284 726
53 226 904
54 0 162
55 740 904
56 518 1028
57 284 556
58 630 830
59 280 1006
60 630 904
61 400 162
62 168 0
63 146 162
64 918 252
65 334 252
66 226 776
67 66 646
68 280 1028
69 334 110
70 386 152
71 226 908
72 146 252
73 238 726
74 930 1074
75 684 1270
76 88 328
77 872 1074
78 492 1270
79 386 382
80 804 622
81 554 328
82 386 464
83 1112 0
84 804 1074
85 168 162
86 32 460
87 314 1194
88 554 382
89 596 1270
90 0 1128
91 32 407
92 146 618
93 518 1074
94 66 726
95 596 1028
96 168 110
97 492 1036
98 1112 106
99 146 726
100 1112 1074
101 0 270
102 804 830
103 316 464
104 452 550
105 226 726
106 32 328
107 740 664
108 400 382
109 748 464
110 146 858
111 748 484
112 872 622
113 80 1036
114 912 382
115 1112 904
116 168 152
117 930 1128
118 804 1270
119 284 776
120 0 1194
121 150 1028
122 742 252
123 0 328
124 88 270
125 334 0
126 316 328
127 220 152
128 554 252
129 226 734
130 554 152
131 930 904
132 280 1270
133 238 734
134 804 574
135 554 106
136 284 838
137 912 464
138 334 484
139 20 646
140 492 904
141 146 511
142 80 776
143 386 0
144 640 838
145 0 1270
146 314 1270
147 872 830
148 400 0
149 872 1270
150 702 556
151 640 904
152 596 1074
153 115 162
154 1112 152
155 220 252
156 88 162
157 666 664
158 702 650
159 912 252
160 930 422
161 80 646
162 930 664
163 492 838
164 400 512
165 466 664
166 150 1128
167 492 1006
168 238 904
169 316 484
170 730 830
171 280 960
172 88 212
173 238 646
174 20 734
175 386 328
176 20 776
177 872 382
178 0 460
179 400 556
180 220 328
181 168 252
182 554 484
183 740 650
184 238 484
185 80 908
186 930 1270
187 80 734
188 314 904
189 1112 1128
190 872 484
191 238 908
192 150 1006
193 386 162
194 314 960
195 804 1128
196 238 838
197 872 152
198 748 382
199 702 382
200 640 830
201 740 574
202 554 0
203 804 664
204 334 382
205 146 734
206 400 152
207 702 664
208 220 460
209 146 776
210 316 162
211 400 464
212 684 904
213 220 484
214 127 1036
215 492 908
216 692 830
217 314 1128
218 146 908
219 68 212
220 930 650
221 554 162
222 66 784
223 872 252
224 400 106
225 0 618
226 226 646
227 492 1194
228 150 960
229 20 784
230 466 904
231 912 152
232 918 106
233 466 838
234 150 1036
235 872 1128
236 400 328
237 492 708
238 400 484
239 20 618
240 280 1036
241 284 904
242 1112 622
243 284 734
244 918 152
245 1112 830
246 730 664
247 872 464
248 314 1036
249 872 574
250 492 1128
251 872 904
252 238 776
253 400 550
254 150 908
255 80 1128
256 492 776
257 630 708
258 316 382
259 314 776
260 334 464
261 150 1194
262 492 1028
263 702 574
264 684 1128
265 466 708
266 684 1074
267 804 650
268 80 726
269 640 664
270 466 908
271 912 422
272 220 110
273 150 1270
274 748 0
275 640 708
276 80 1270
277 466 676
278 80 1194
279 1112 422
280 466 776
281 1112 664
282 220 162
283 0 784
284 146 328
285 66 734
286 1112 252
287 80 618
288 528 1128
289 730 904
290 930 464
291 314 1028
292 630 838
293 146 460
294 0 811
295 146 484
296 554 664
297 804 904
298 554 464
299 452 664
300 316 110
301 740 830
302 146 646
303 872 664
304 748 106
305 0 858
306 80 858
307 1112 464
308 612 1028
309 32 212
310 334 162
311 146 784
312 314 838
313 740 622
