117 193

1 3 1
1 116 114
1 117 12
2 34 53
2 117 1
3 4 12
3 5 1
3 115 114
4 6 1
4 117 1
5 6 12
5 114 114
7 95 7
7 100 1
7 102 1
7 106 6
8 106 5
8 111 1
9 100 6
9 106 1
10 102 6
10 106 1
10 109 4
10 111 5
11 103 1
11 108 5
12 108 6
12 113 1
13 96 14
13 103 5
13 108 1
13 113 6
14 108 1
15 20 7
15 69 1
15 72 1
15 76 6
16 76 5
16 82 1
17 69 6
17 76 1
18 72 6
18 76 1
18 82 5
19 54 7
19 57 1
19 58 1
19 60 5
20 60 6
20 64 1
20 66 1
21 57 5
21 60 1
21 64 6
22 58 5
22 60 1
22 65 6
22 66 6
23 52 1
23 56 6
24 56 5
24 59 1
24 74 18
25 51 8
25 52 6
25 56 1
25 59 5
26 56 1
26 75 23
27 38 2
28 29 2
28 42 1
29 43 1
29 45 1
30 36 28
30 37 7
30 39 1
30 41 5
31 40 1
31 44 5
32 35 1
33 36 5
33 41 28
35 36 7
35 37 28
37 38 1
38 39 7
39 40 2
39 42 5
40 43 5
41 42 1
42 43 2
43 44 1
44 45 1
45 46 27
46 47 1
46 49 6
47 48 1
47 50 6
48 51 6
48 52 8
49 50 1
49 53 5
50 51 1
50 54 5
51 55 5
53 54 1
53 57 7
54 55 1
55 58 7
55 59 8
58 61 6
59 63 7
61 62 1
61 65 5
62 63 1
62 67 5
63 68 5
64 69 7
65 67 1
65 70 6
66 70 6
66 72 7
67 68 1
67 71 6
68 73 6
70 71 1
70 77 7
71 73 1
71 78 7
72 77 6
73 74 1
73 79 7
74 75 1
74 80 7
75 81 7
77 78 1
77 87 18
78 79 1
78 89 18
79 80 1
79 91 18
80 81 1
81 103 30
82 83 7
83 84 1
83 86 5
84 85 1
84 88 5
85 87 4
85 90 5
86 88 1
86 93 6
87 89 1
87 92 5
88 90 1
88 95 6
89 91 1
89 94 5
90 92 4
90 97 6
91 96 5
91 103 14
92 94 1
92 98 6
93 95 1
93 100 7
94 96 1
94 99 6
95 97 1
96 101 6
97 98 4
97 102 7
98 99 1
98 104 7
99 101 1
99 105 7
101 107 7
101 113 14
102 104 4
104 105 1
104 109 6
105 107 1
105 110 6
107 112 6
109 110 1
109 114 5
110 112 1
110 115 5
111 114 4
112 116 5
114 115 1
115 116 1

34

1 
2
3 
4
5 
6
7 
8 
9
10
11
12 
13 
14
15 
16 
17 
18
19 
20 
21 
22
23 
24 
25 
26
27 
28 
29 
30 
31
32 
33
34
  
11

2 1 2
2 3 4
2 5 6
4 7 8 9 10
4 11 12 13 14
4 15 16 17 18
4 19 20 21 22
4 23 24 25 26
5 27 28 29 30 31
2 32 33
1 34
