2518 4985
 1 309 1
 1 2409 4
 1 2417 1
 1 2420 6
 2 309 1
 2 2415 4
 2 2419 1
 2 2422 6
 3 2420 9
 4 2417 6
 4 2420 1
 5 2419 6
 5 2422 1
 6 7 2
 6 1877 5
 6 1895 1
 6 1935 6
 7 1883 5
 7 1923 1
 7 1945 6
 8 1945 9
 9 1895 6
 9 1935 1
 10 1923 6
 10 1945 1
 11 12 1
 11 61 1
 11 2172 1
 11 2178 1
 12 23 2
 12 62 1
 12 2183 1
 13 14 1
 13 63 1
 13 2199 1
 13 2210 1
 14 64 1
 14 2214 1
 14 2215 1
 15 19 1
 15 2246 1
 15 2253 1
 16 20 1
 16 2262 1
 16 2266 1
 17 21 1
 17 310 1
 17 2169 10
 17 2241 5
 18 22 1
 18 313 1
 18 2269 5
 18 2290 12
 19 24 1
 19 2243 1
 20 25 1
 20 2259 1
 21 26 1
 21 36 41
 21 314 1
 22 27 1
 22 321 1
 22 2287 12
 23 69 1
 23 2199 1
 23 2200 1
 24 2081 41
 24 2241 1
 25 2253 2
 25 2256 1
 26 322 1
 26 2158 10
 26 2179 5
 27 328 1
 27 2235 5
 27 2284 12
 28 29 2
 28 55 1
 28 2367 1
 28 2373 1
 29 56 1
 29 2381 1
 29 2386 2
 30 2407 5
 30 2418 1
 31 2395 2
 31 2398 1
 31 2402 1
 31 2403 1
 32 2410 2
 32 2413 1
 33 34 1
 33 73 1
 33 1914 12
 33 1980 1
 34 74 1
 34 1985 1
 34 1986 1
 35 2045 5
 35 2065 1
 35 2073 1
 35 2074 1
 36 329 1
 36 2044 1
 36 2055 1
 37 1751 1
 37 1752 1
 37 1759 1
 37 1801 7
 38 40 1
 38 1836 1
 38 1875 7
 39 41 1
 39 1752 1
 39 1759 1
 39 1784 5
 40 42 1
 40 1830 1
 41 1714 8
 41 1748 1
 41 1778 5
 42 1562 43
 42 1823 1
 43 48 13
 43 79 3
 43 330 1
 43 1413 1
 44 80 3
 44 330 1
 44 1423 1
 44 1442 5
 45 46 1
 45 1482 1
 45 1483 1
 46 1489 1
 46 1548 11
 47 83 3
 47 331 1
 48 84 3
 48 331 1
 48 1359 1
 49 1410 1
 49 1483 13
 50 1423 11
 50 1475 1
 50 1487 1
 50 1488 1
 51 1486 1
 51 1487 1
 51 1499 1
 51 1680 32
 52 53 1
 52 1493 11
 52 1544 1
 52 1555 1
 53 1499 11
 53 1562 1
 53 1823 43
 54 2231 23
 54 2295 1
 54 2320 5
 55 56 2
 55 2363 1
 55 2364 1
 56 2370 1
 56 2380 2
 57 2314 2
 57 2318 1
 57 2323 1
 57 2324 1
 58 2244 29
 58 2329 2
 58 2344 1
 59 95 1
 59 2024 21
 59 2104 1
 59 2105 1
 60 96 1
 60 2054 21
 60 2122 1
 60 2123 1
 61 62 1
 61 2165 1
 61 2166 1
 62 69 2
 62 2171 1
 63 64 1
 63 2189 1
 63 2190 1
 64 2198 1
 64 2209 1
 65 97 1
 65 332 1
 65 2099 5
 65 2106 3
 66 98 1
 66 335 1
 66 2135 5
 66 2180 5
 67 95 1
 67 2013 21
 67 2087 3
 67 2099 1
 68 96 1
 68 2043 21
 68 2104 2
 68 2115 1
 69 2177 1
 69 2190 1
 70 97 1
 70 336 1
 70 2113 3
 70 2143 5
 71 98 1
 71 342 1
 71 2196 5
 71 2197 5
 72 1869 6
 72 1885 1
 72 1899 1
 72 1900 1
 73 74 1
 73 1909 12
 73 1964 1
 74 1969 1
 74 1979 1
 75 1865 12
 75 1891 5
 75 1929 1
 75 1930 1
 76 343 1
 76 1933 1
 76 1944 1
 76 1949 2
 77 78 1
 77 1060 57
 77 1337 1
 77 1350 1
 78 1065 57
 78 1353 1
 78 1368 5
 79 84 13
 79 344 1
 79 1393 1
 80 344 1
 80 1404 1
 80 1426 5
 81 82 1
 81 1273 1
 82 950 58
 82 1278 1
 82 1337 13
 83 345 1
 84 345 1
 84 1338 1
 85 91 1
 85 1606 6
 85 1643 1
 85 1651 2
 86 1725 1
 86 1726 1
 86 1735 1
 86 1744 3
 87 88 1
 87 1397 1
 87 1398 1
 87 1456 11
 88 1403 1
 88 1462 11
 88 1576 32
 89 1404 11
 89 1449 1
 89 1463 1
 89 1464 1
 90 1462 1
 90 1463 1
 90 1470 1
 90 1637 32
 91 93 1
 91 118 22
 91 1635 1
 92 94 1
 92 1676 6
 92 1725 1
 92 1726 1
 93 117 22
 93 1589 8
 93 1629 1
 94 1668 6
 94 1706 2
 94 1724 1
 95 2019 21
 95 2101 1
 96 2048 21
 96 2118 1
 97 346 1
 97 2109 3
 98 353 1
 98 2187 5
 99 1694 5
 99 1722 1
 99 1728 1
 99 1755 6
 100 1755 5
 100 1774 1
 100 1787 1
 100 1824 6
 101 1666 13
 101 1722 6
 101 1755 1
 101 1774 5
 102 1728 6
 102 1755 1
 102 1787 5
 102 1838 12
 103 123 7
 103 2092 6
 103 2103 1
 103 2147 10
 104 2121 9
 104 2159 1
 104 2204 7
 104 2257 21
 105 128 7
 105 1989 5
 105 2017 1
 105 2075 10
 106 2066 5
 106 2082 1
 106 2098 7
 106 2153 21
 107 133 7
 107 1857 6
 107 1878 1
 107 1937 10
 108 1905 9
 108 1948 1
 108 1991 7
 108 2070 21
 109 111 4
 109 138 7
 109 1738 1
 109 1804 10
 110 112 4
 110 1818 1
 110 1863 7
 110 1906 16
 111 1715 2
 111 1720 1
 111 1771 10
 112 1779 2
 112 1786 1
 112 1919 22
 113 1446 2
 113 1454 1
 113 1466 1
 113 1514 10
 114 1529 1
 114 1530 1
 114 1553 4
 114 1599 11
 115 1331 21
 115 1396 6
 115 1425 1
 115 1430 2
 116 1348 21
 116 1430 1
 116 1439 1
 116 1454 3
 117 118 1
 117 1448 11
 117 1504 1
 118 1510 1
 118 1520 1
 119 151 1
 119 1384 1
 119 1385 1
 119 1435 10
 120 1349 22
 120 1431 2
 120 1447 1
 120 1448 1
 121 145 2
 121 1523 1
 121 1565 7
 121 1586 10
 122 1580 2
 122 1586 1
 122 1598 1
 122 1665 13
 123 124 10
 123 2129 1
 123 2136 1
 124 2147 7
 124 2185 1
 124 2194 2
 125 1884 44
 125 2056 10
 125 2092 1
 125 2103 6
 126 127 10
 126 128 7
 126 2092 3
 127 129 7
 127 2117 2
 127 2120 3
 128 129 10
 128 2056 1
 129 2075 7
 129 2097 2
 130 1917 12
 130 1982 1
 130 2017 6
 131 132 10
 131 1960 1
 131 1970 1
 132 2022 1
 132 2034 1
 132 2042 2
 133 134 10
 133 1917 1
 133 1936 3
 134 1937 7
 134 1983 2
 134 1990 3
 135 1770 12
 135 1857 1
 135 1878 6
 136 137 10
 136 138 9
 136 1857 3
 137 139 9
 137 1898 2
 137 1904 3
 138 139 10
 138 1770 1
 139 1804 7
 139 1858 2
 140 1657 6
 140 1699 1
 140 1715 1
 140 1720 2
 141 142 10
 141 1623 9
 141 1681 1
 141 1700 1
 142 1701 9
 142 1753 1
 142 1754 1
 143 144 10
 143 1601 1
 143 1602 1
 143 1609 1
 144 1658 1
 144 1672 1
 144 1673 1
 145 146 10
 145 147 1
 145 1513 1
 146 148 1
 146 1580 1
 146 1586 2
 147 148 10
 147 1466 9
 147 1508 1
 148 1558 1
 148 1572 1
 149 150 10
 149 151 1
 149 1396 1
 149 1425 6
 150 152 1
 150 1461 2
 150 1479 6
 151 152 10
 151 1390 1
 152 1435 1
 152 1455 2
 153 1484 7
 153 1517 1
 153 1527 1
 153 1550 6
 154 1550 5
 154 1578 1
 154 1592 1
 154 1612 6
 155 1517 6
 155 1540 1
 155 1550 1
 155 1578 5
 156 1527 6
 156 1550 1
 156 1592 5
 156 1607 9
 157 1062 1
 157 1063 1
 157 1073 1
 157 1081 2
 158 159 4
 158 1073 2
 158 1081 1
 158 1105 3
 159 1104 1
 159 1114 1
 159 1120 3
 160 161 4
 160 1119 8
 160 1148 2
 160 1264 22
 161 1139 8
 161 1173 1
 161 1281 22
 162 1073 3
 162 1088 1
 162 1097 1
 162 1105 2
 163 1114 3
 163 1120 1
 163 1131 1
 163 1137 2
 164 181 1
 164 922 10
 164 1004 1
 164 1005 1
 165 182 1
 165 992 5
 165 1041 1
 165 1050 2
 166 167 1
 166 361 8
 166 1098 1
 166 1200 22
 167 174 2
 167 362 8
 167 1204 22
 168 169 1
 168 364 8
 168 1121 1
 168 1222 21
 169 365 8
 169 1140 1
 169 1230 21
 170 183 1
 170 354 1
 170 1022 1
 171 184 1
 171 359 1
 171 1088 1
 171 1097 1
 172 181 1
 172 888 13
 172 906 11
 172 912 10
 172 982 1
 173 182 1
 173 970 5
 173 1004 2
 173 1027 1
 174 1076 8
 174 1121 1
 174 1217 22
 175 183 1
 175 360 1
 175 1006 5
 175 1093 8
 176 184 1
 176 366 1
 176 1112 1
 176 1145 8
 177 1357 7
 177 1380 1
 177 1388 1
 177 1407 5
 178 1407 6
 178 1428 1
 178 1438 1
 178 1453 3
 179 1373 7
 179 1380 5
 179 1407 1
 179 1408 1
 180 1388 5
 180 1407 1
 180 1416 1
 180 1433 5
 181 918 10
 181 993 1
 182 981 5
 182 1035 1
 183 994 5
 183 1044 1
 184 373 1
 184 1106 1
 185 186 1
 185 1096 6
 185 1146 4
 185 1189 15
 186 187 1
 186 1092 6
 186 1126 1
 187 1087 6
 187 1110 2
 187 1137 4
 188 770 2
 188 781 1
 188 805 1
 188 815 2
 189 770 2
 189 815 2
 189 950 18
 190 191 2
 190 745 3
 191 195 1
 191 759 3
 192 710 2
 192 719 3
 193 194 2
 193 804 1
 193 805 1
 193 839 2
 194 828 1
 194 865 2
 194 866 2
 195 750 1
 195 769 3
 196 205 2
 196 719 6
 196 750 2
 196 803 3
 197 1443 78
 197 1880 2
 197 1896 1
 197 1956 12
 198 1896 12
 198 1956 1
 198 2146 43
 199 1101 4
 199 1117 1
 199 1125 1
 199 1150 6
 200 1150 5
 200 1167 1
 200 1171 1
 200 1195 6
 201 1090 11
 201 1117 6
 201 1150 1
 201 1159 3
 202 1125 6
 202 1150 1
 202 1171 5
 202 1329 36
 203 718 3
 203 737 1
 203 749 1
 203 802 6
 204 838 2
 204 851 1
 204 879 1
 204 880 1
 205 737 6
 205 802 1
 205 827 3
 206 749 6
 206 802 1
 206 826 1
 206 850 3
 207 374 1
 207 883 2
 207 894 1
 207 908 1
 208 374 1
 208 902 2
 208 920 1
 208 987 11
 209 976 3
 209 1000 1
 209 1017 1
 209 1018 1
 210 999 3
 210 1017 1
 210 1031 1
 210 1094 11
 211 224 1
 211 903 5
 211 934 1
 211 966 6
 212 920 5
 212 941 1
 212 999 6
 212 1037 11
 213 1232 18
 213 1326 1
 213 1352 5
 214 1352 6
 214 1369 1
 214 1494 25
 215 1326 5
 215 1340 1
 215 1352 1
 215 1369 6
 216 1352 1
 216 1600 49
 217 647 1
 217 661 5
 218 661 6
 218 695 1
 218 706 1
 218 717 3
 219 661 1
 219 695 6
 220 647 5
 220 661 1
 220 706 6
 220 716 8
 221 819 1
 221 820 1
 221 844 1
 221 859 2
 222 858 2
 222 873 1
 222 894 1
 222 895 1
 223 375 1
 223 874 5
 223 909 1
 223 946 6
 224 375 1
 224 895 5
 224 959 6
 225 776 1
 225 777 1
 225 796 1
 225 810 2
 226 765 2
 226 797 1
 226 798 1
 227 376 1
 227 671 7
 227 693 4
 227 754 5
 228 376 1
 228 685 7
 228 741 1
 228 776 5
 229 1156 1
 229 1157 1
 229 1164 1
 229 1182 6
 230 1182 5
 230 1201 1
 230 1211 1
 230 1212 1
 231 1157 6
 231 1161 5
 231 1182 1
 231 1201 5
 232 1164 6
 232 1182 1
 232 1211 5
 233 236 5
 233 740 10
 233 853 1
 233 854 1
 234 919 5
 234 940 1
 234 951 1
 234 952 1
 235 669 4
 235 690 1
 235 702 1
 235 731 5
 236 703 10
 236 774 1
 236 793 1
 237 1030 6
 237 1066 1
 237 1077 1
 237 1099 5
 238 1099 6
 238 1122 1
 238 1134 1
 238 1135 1
 239 731 44
 239 1066 5
 239 1099 1
 239 1122 6
 240 1077 5
 240 1099 1
 240 1134 6
 241 626 1
 241 627 1
 241 635 2
 241 656 10
 242 621 2
 242 628 1
 242 633 1
 242 640 4
 243 377 1
 243 590 6
 243 601 1
 243 614 5
 244 377 1
 244 597 6
 244 626 5
 244 639 10
 245 246 1
 245 591 6
 245 605 1
 245 608 2
 246 247 1
 246 587 6
 246 617 6
 247 584 6
 247 592 4
 247 613 6
 248 249 1
 248 580 1
 248 585 1
 248 672 30
 249 555 6
 249 576 1
 249 665 30
 250 485 1
 250 491 3
 251 252 2
 251 524 1
 251 632 30
 252 531 1
 252 543 2
 252 637 30
 253 505 1
 254 491 6
 254 505 2
 254 515 1
 254 531 5
 255 928 1
 255 929 1
 255 939 1
 255 973 6
 256 973 5
 256 1015 1
 256 1029 1
 256 1030 1
 257 643 43
 257 929 6
 257 973 1
 257 1015 5
 258 939 6
 258 973 1
 258 1029 5
 259 546 22
 259 594 10
 259 618 1
 259 619 1
 260 641 5
 260 652 1
 260 658 1
 260 1015 44
 261 490 3
 261 496 1
 261 504 1
 261 523 6
 262 523 5
 262 539 1
 262 549 1
 262 550 1
 263 496 6
 263 515 1
 263 523 1
 263 539 5
 264 504 6
 264 523 1
 264 534 2
 264 549 5
 265 1314 7
 265 1339 1
 265 1351 1
 265 1364 5
 266 1364 6
 266 1382 1
 266 1395 1
 266 1837 78
 267 913 81
 267 1339 5
 267 1364 1
 267 1382 6
 268 1351 5
 268 1364 1
 268 1395 6
 268 1414 11
 269 270 1
 269 391 8
 270 281 2
 270 392 8
 271 272 1
 271 394 8
 271 397 1
 272 395 8
 272 398 1
 273 277 1
 273 419 1
 273 425 1
 273 490 20
 274 278 1
 274 439 1
 274 448 1
 274 507 20
 275 279 1
 275 378 1
 275 401 1
 276 280 1
 276 383 1
 276 433 1
 276 434 1
 277 282 1
 277 415 1
 277 488 20
 278 283 1
 278 436 1
 278 503 20
 279 284 1
 279 400 1
 280 285 1
 280 389 1
 280 427 1
 281 397 1
 281 404 8
 282 411 1
 282 485 20
 283 425 2
 283 430 1
 283 499 20
 284 390 1
 285 396 1
 285 399 8
 285 422 1
 286 287 1
 286 478 4
 286 495 3
 286 569 21
 287 288 1
 287 475 4
 287 487 1
 288 473 4
 288 481 1
 288 484 1
 289 296 2
 289 399 1
 289 406 3
 290 1256 11
 290 1320 1
 291 1363 1
 291 1400 7
 292 449 16
 292 489 3
 292 500 1
 292 519 6
 293 519 5
 293 536 1
 293 544 1
 293 545 1
 294 471 15
 294 486 9
 294 519 1
 294 525 2
 295 500 6
 295 519 1
 295 532 2
 295 668 43
 296 297 4
 296 412 3
 297 426 3
 297 486 20
 298 299 4
 298 445 3
 298 451 2
 298 464 1
 299 463 3
 299 476 1
 299 477 1
 300 433 1
 300 434 1
 300 445 2
 300 451 3
 301 462 1
 301 463 1
 301 473 2
 301 476 3
 302 304 1
 302 654 12
 303 654 1
 303 655 1
 303 673 3
 304 305 12
 304 306 1
 305 307 1
 305 654 1
 305 655 1
 306 307 12
 307 650 1
 308 745 4
 309 2412 4
 309 2421 6
 310 314 1
 310 2229 1
 310 2243 5
 311 312 1
 311 317 1
 311 2237 2
 311 2256 5
 312 318 1
 312 2245 1
 312 2259 5
 313 321 1
 313 2250 1
 313 2265 5
 314 315 1
 314 322 1
 315 316 1
 315 323 1
 315 2229 1
 316 317 2
 316 324 1
 316 2237 1
 317 318 1
 317 2236 1
 318 319 1
 318 325 1
 319 320 1
 319 326 1
 319 2245 1
 320 321 1
 320 327 1
 320 2250 1
 321 328 1
 322 323 1
 322 2184 5
 323 324 1
 323 2191 5
 324 2201 5
 324 2236 2
 325 326 1
 325 2216 5
 325 2236 1
 326 327 1
 326 2220 5
 327 328 1
 327 2224 5
 328 2228 5
 329 2038 1
 329 2039 1
 329 2051 1
 330 344 3
 330 1418 1
 331 345 3
 332 346 1
 332 2101 5
 332 2124 1
 333 334 1
 333 349 1
 333 2115 5
 333 2128 2
 334 350 1
 334 2118 5
 334 2141 1
 335 353 1
 335 2132 5
 335 2149 1
 336 337 1
 336 346 1
 336 2150 5
 337 338 1
 337 347 1
 337 2154 5
 338 348 1
 338 2142 2
 338 2161 5
 339 340 1
 339 350 1
 339 2142 1
 339 2174 5
 340 341 1
 340 351 1
 340 2176 5
 341 342 1
 341 352 1
 341 2181 5
 342 353 1
 342 2188 5
 343 1928 1
 343 1929 1
 343 1939 1
 344 1399 1
 345 1333 1
 346 347 1
 347 348 1
 347 2124 1
 348 349 2
 348 2128 1
 349 350 1
 349 2142 1
 350 351 1
 351 352 1
 351 2141 1
 352 353 1
 352 2149 1
 354 1028 1
 354 1043 1
 354 1044 1
 355 356 2
 355 368 1
 355 1042 1
 355 1043 1
 356 357 1
 356 369 1
 356 1059 1
 357 370 1
 357 1064 1
 357 1075 1
 358 359 1
 358 372 1
 358 1074 1
 358 1075 1
 359 373 1
 359 1082 1
 360 361 1
 360 1044 1
 360 1098 8
 361 362 1
 361 367 1
 362 368 1
 362 1076 2
 363 364 1
 363 370 1
 363 1076 1
 363 1121 8
 364 365 1
 364 371 1
 365 366 1
 365 372 1
 366 373 1
 366 1140 8
 367 368 1
 367 1043 1
 367 1044 1
 368 369 2
 369 370 1
 369 1076 1
 370 371 1
 371 372 1
 371 1075 1
 372 373 1
 374 893 2
 374 915 1
 375 884 5
 375 953 6
 376 677 7
 376 764 5
 377 595 6
 377 620 5
 378 400 1
 378 402 1
 378 403 1
 379 380 2
 379 385 1
 379 402 1
 379 407 1
 380 381 1
 380 386 1
 380 413 1
 381 409 1
 381 416 1
 381 417 1
 382 383 1
 382 388 1
 382 416 1
 382 423 1
 383 389 1
 383 428 1
 384 385 1
 384 391 1
 384 400 1
 384 402 1
 385 386 2
 385 392 1
 386 404 1
 386 409 1
 387 388 1
 387 394 1
 387 409 1
 387 416 1
 388 389 1
 388 395 1
 389 396 1
 390 391 1
 390 400 1
 391 392 1
 392 404 2
 393 394 1
 393 397 8
 393 404 1
 393 409 1
 394 395 1
 395 396 1
 396 398 8
 398 399 1
 401 403 1
 401 408 3
 402 405 1
 403 405 1
 403 410 3
 405 407 1
 405 414 3
 406 412 2
 406 422 5
 407 413 2
 407 418 3
 408 410 1
 408 411 1
 410 414 1
 410 415 1
 411 415 1
 412 426 4
 412 432 5
 413 417 1
 413 424 3
 414 418 1
 414 419 1
 415 419 1
 416 420 1
 417 420 1
 417 429 3
 418 421 1
 418 424 2
 419 421 1
 420 423 1
 420 435 3
 421 425 1
 421 430 2
 422 427 1
 422 432 2
 423 428 1
 423 438 3
 424 429 1
 424 430 1
 425 493 20
 426 431 1
 426 450 5
 427 433 1
 427 437 2
 428 434 1
 428 442 3
 429 435 1
 429 436 1
 430 436 1
 431 440 2
 431 454 5
 432 437 1
 432 450 4
 433 441 2
 434 446 3
 435 438 1
 435 439 1
 436 439 1
 437 441 1
 437 455 4
 438 442 1
 438 443 1
 439 443 1
 440 444 1
 440 461 5
 441 445 1
 441 459 4
 442 446 1
 442 447 1
 443 447 1
 443 448 1
 444 449 1
 444 465 5
 445 463 4
 446 451 1
 446 452 1
 447 452 1
 447 453 1
 448 453 1
 448 509 20
 449 468 5
 450 454 1
 450 455 1
 451 456 1
 452 456 1
 452 457 1
 453 457 1
 453 512 20
 454 458 1
 454 461 2
 455 458 1
 455 459 1
 456 460 1
 456 464 2
 457 460 1
 457 516 20
 458 462 1
 458 466 2
 459 462 1
 459 463 1
 460 467 2
 460 520 20
 461 465 1
 461 466 1
 462 470 2
 464 467 1
 464 477 4
 465 468 1
 465 469 1
 466 469 1
 466 470 1
 467 480 4
 467 528 20
 468 471 1
 469 471 1
 469 472 1
 470 472 1
 470 473 1
 471 474 1
 472 474 1
 472 475 1
 473 475 1
 474 478 1
 475 478 1
 476 479 1
 477 479 1
 477 480 1
 478 525 15
 479 481 1
 479 482 1
 480 482 1
 480 547 20
 481 483 1
 482 483 1
 482 553 20
 483 484 1
 483 557 20
 484 487 1
 484 561 20
 485 488 1
 485 494 3
 486 489 1
 487 498 4
 487 565 20
 488 490 1
 488 496 3
 489 492 1
 490 493 1
 491 494 1
 492 500 3
 492 662 51
 493 499 2
 493 504 3
 494 496 1
 494 515 6
 495 497 1
 495 498 1
 497 501 1
 497 502 1
 498 502 1
 498 586 22
 499 503 1
 499 508 2
 500 646 43
 501 506 1
 501 540 10
 502 506 1
 502 589 22
 503 507 1
 503 510 2
 504 511 2
 505 524 5
 506 546 10
 506 594 22
 507 509 1
 507 513 2
 508 510 1
 508 511 1
 509 512 1
 509 517 2
 510 513 1
 510 514 1
 511 514 1
 511 534 6
 512 516 1
 512 521 2
 513 517 1
 513 518 1
 514 518 1
 514 538 6
 515 535 5
 516 520 1
 516 526 2
 517 521 1
 517 522 1
 518 522 1
 518 542 6
 520 528 2
 520 529 2
 521 526 1
 521 527 1
 522 527 1
 522 548 6
 524 531 2
 525 532 2
 525 536 3
 526 529 1
 526 530 1
 527 530 1
 527 554 6
 528 537 2
 528 547 4
 529 533 1
 529 537 2
 530 533 1
 530 559 6
 531 535 1
 532 544 3
 532 683 43
 533 541 2
 533 585 12
 534 538 1
 534 560 5
 535 539 1
 536 540 1
 537 541 1
 537 558 4
 538 542 1
 538 564 5
 539 543 1
 540 545 1
 540 546 1
 541 563 4
 541 572 6
 542 548 1
 542 568 5
 543 550 1
 544 551 1
 544 701 43
 545 551 1
 545 552 1
 546 552 1
 547 553 1
 547 558 2
 548 554 1
 549 555 1
 549 560 2
 550 555 1
 551 556 1
 551 708 43
 552 556 1
 552 573 5
 553 557 1
 553 562 2
 554 559 1
 554 576 5
 555 645 30
 556 577 5
 556 713 43
 557 561 1
 557 566 2
 558 562 1
 558 563 1
 559 580 5
 560 564 1
 561 565 1
 561 570 2
 562 566 1
 562 567 1
 563 567 1
 563 584 6
 564 568 1
 565 569 1
 565 574 2
 566 570 1
 566 571 1
 567 571 1
 567 587 6
 568 576 2
 569 578 2
 570 574 1
 570 575 1
 571 575 1
 571 591 6
 572 584 4
 572 592 6
 573 577 1
 573 588 5
 574 578 1
 574 579 1
 575 579 1
 575 596 6
 576 580 1
 577 593 5
 577 752 43
 578 581 1
 578 582 1
 579 582 1
 579 598 6
 581 583 1
 581 600 7
 582 590 3
 582 599 6
 583 586 1
 583 601 7
 584 587 1
 585 592 2
 585 678 30
 586 589 1
 586 590 1
 587 591 1
 588 593 1
 588 602 6
 589 594 1
 589 595 1
 590 595 1
 591 596 1
 592 693 30
 593 603 6
 593 807 43
 594 597 1
 595 597 1
 596 598 1
 596 605 6
 597 619 10
 598 599 1
 598 604 5
 599 600 1
 599 606 5
 600 601 1
 600 611 6
 601 615 6
 602 603 1
 602 618 6
 603 624 6
 603 881 43
 604 606 1
 604 607 1
 605 607 1
 605 610 2
 606 609 1
 606 614 3
 607 609 1
 607 612 2
 608 610 1
 608 623 4
 609 611 1
 609 616 2
 610 612 1
 610 629 4
 611 615 1
 611 622 2
 612 616 1
 612 631 4
 613 617 1
 613 649 12
 614 620 1
 614 621 1
 615 621 1
 615 628 2
 616 622 1
 616 634 4
 617 623 1
 617 653 12
 618 624 1
 618 625 1
 619 625 1
 619 639 6
 620 626 1
 620 627 1
 621 627 1
 622 628 1
 622 636 4
 623 629 1
 623 657 12
 624 630 1
 624 923 43
 625 630 1
 625 641 6
 626 652 10
 627 633 2
 628 638 4
 629 631 1
 629 659 12
 630 643 6
 630 929 43
 631 634 1
 631 664 12
 632 637 2
 632 666 12
 633 635 1
 633 642 4
 634 636 1
 634 670 12
 635 644 4
 635 663 10
 636 638 1
 636 676 12
 637 645 4
 637 679 12
 638 640 1
 638 684 12
 639 641 1
 639 652 5
 640 642 1
 640 691 12
 641 643 1
 642 644 1
 642 698 12
 643 702 12
 644 690 10
 644 703 12
 645 665 6
 645 705 12
 646 648 1
 646 668 6
 647 660 4
 648 651 1
 648 675 6
 649 653 1
 649 671 5
 650 655 1
 650 662 3
 651 681 6
 651 682 6
 652 656 1
 653 657 1
 653 677 5
 655 667 3
 656 658 1
 656 663 2
 657 659 1
 657 685 5
 658 669 2
 658 1030 45
 659 664 1
 659 692 5
 660 666 1
 662 667 1
 662 674 2
 663 669 1
 663 690 4
 664 670 1
 664 699 5
 665 672 1
 665 748 12
 666 679 2
 666 744 11
 667 673 1
 667 680 2
 668 675 1
 668 683 2
 670 676 1
 670 704 5
 671 677 1
 672 678 1
 672 755 12
 673 687 2
 674 680 1
 674 681 1
 675 682 1
 675 689 2
 676 684 1
 676 763 12
 677 685 1
 678 693 2
 678 766 12
 679 686 1
 679 757 11
 680 687 1
 680 688 1
 681 688 1
 681 720 6
 682 697 2
 682 720 6
 683 689 1
 683 701 3
 684 691 1
 684 714 5
 685 692 1
 686 694 1
 686 716 5
 687 696 1
 687 1242 81
 688 696 1
 688 729 6
 689 697 1
 689 707 3
 690 723 5
 691 698 1
 691 724 5
 692 699 1
 692 741 7
 693 788 12
 694 700 1
 694 726 5
 695 709 3
 696 738 6
 696 1250 81
 697 711 3
 697 739 6
 698 703 1
 698 732 5
 699 704 1
 699 747 7
 700 705 1
 700 734 5
 701 707 1
 701 708 1
 702 868 17
 702 1066 43
 703 740 5
 704 714 2
 704 753 7
 705 715 2
 705 743 5
 706 727 3
 706 735 4
 707 711 1
 707 712 1
 708 712 1
 708 713 1
 709 717 1
 709 718 1
 710 718 1
 710 737 3
 711 721 1
 711 761 6
 712 721 1
 712 722 1
 713 722 1
 713 752 5
 714 724 1
 714 775 7
 715 725 1
 715 756 5
 716 726 1
 716 768 6
 717 727 1
 717 728 1
 718 728 1
 719 737 2
 720 729 1
 720 739 2
 721 730 1
 721 772 6
 722 730 1
 722 762 5
 723 731 1
 723 774 6
 724 732 1
 724 786 7
 725 733 1
 725 767 5
 726 734 1
 726 779 6
 727 736 1
 727 801 8
 728 736 1
 728 749 3
 729 738 1
 729 746 2
 730 773 5
 730 784 6
 731 785 6
 732 740 1
 732 794 7
 733 742 1
 733 778 5
 734 743 1
 734 789 6
 735 744 1
 736 758 3
 736 814 8
 738 751 2
 738 1279 81
 739 746 1
 739 761 3
 741 747 1
 741 787 5
 742 748 1
 742 861 11
 743 756 2
 743 800 6
 744 757 2
 745 759 2
 745 760 2
 746 751 1
 746 771 3
 747 753 1
 747 795 5
 748 755 1
 748 799 5
 749 758 1
 750 780 3
 751 782 3
 751 1292 81
 752 762 1
 752 807 5
 753 763 1
 753 808 5
 754 764 1
 754 765 1
 755 766 1
 755 812 5
 756 767 1
 756 823 6
 757 768 1
 758 826 6
 758 849 8
 759 769 1
 759 781 2
 760 770 1
 760 781 2
 761 771 1
 761 772 1
 762 773 1
 762 816 5
 763 775 1
 763 817 5
 764 776 1
 764 777 1
 765 777 1
 766 788 2
 766 822 5
 767 778 1
 767 836 6
 768 779 1
 768 801 3
 769 780 1
 769 790 2
 771 782 1
 771 783 1
 772 783 1
 772 784 1
 773 830 5
 773 840 6
 774 785 1
 775 786 1
 775 831 5
 776 787 1
 777 797 2
 778 799 2
 778 848 6
 779 789 1
 779 813 3
 780 803 2
 780 804 2
 781 790 1
 782 791 1
 782 1309 81
 783 791 1
 783 792 1
 784 792 1
 784 840 5
 785 793 1
 785 1122 44
 786 794 1
 786 841 5
 787 795 1
 787 796 1
 788 835 4
 788 847 5
 789 800 1
 789 824 3
 790 804 1
 790 805 1
 791 806 1
 792 806 1
 792 852 5
 793 853 5
 793 1128 44
 794 855 5
 794 914 11
 795 808 1
 795 809 1
 796 809 1
 796 819 2
 797 810 1
 797 811 1
 798 811 1
 798 821 2
 799 812 1
 799 875 6
 800 823 2
 800 956 18
 801 813 1
 801 814 1
 802 838 3
 803 827 2
 803 828 2
 804 828 2
 805 829 2
 806 867 5
 807 816 1
 807 881 6
 808 817 1
 808 818 1
 809 818 1
 809 833 2
 810 819 1
 810 820 1
 811 820 1
 811 834 2
 812 822 1
 812 885 6
 813 824 1
 813 825 1
 814 825 1
 814 849 3
 815 829 1
 816 830 1
 816 891 6
 817 831 1
 817 832 1
 818 832 1
 818 843 2
 819 833 1
 820 845 2
 821 834 1
 821 835 1
 822 847 2
 822 897 6
 823 836 1
 823 862 3
 824 837 1
 824 862 3
 825 837 1
 825 863 3
 826 864 3
 826 912 8
 827 838 1
 827 851 2
 828 851 2
 829 839 1
 830 900 6
 830 901 6
 831 841 1
 831 842 1
 832 842 1
 832 857 2
 833 843 1
 833 844 1
 834 845 1
 834 846 1
 835 846 1
 835 896 5
 836 848 1
 836 876 3
 837 877 3
 837 878 3
 838 850 1
 839 866 2
 840 852 1
 840 900 5
 841 855 1
 841 856 1
 842 856 1
 842 871 2
 843 857 1
 843 858 1
 844 858 1
 844 873 2
 845 859 1
 845 860 1
 846 860 1
 846 904 5
 847 896 4
 847 910 6
 848 861 1
 848 886 3
 849 863 1
 849 912 6
 850 864 1
 850 879 2
 851 865 1
 852 867 1
 852 907 5
 853 868 1
 853 869 1
 854 869 1
 854 914 6
 855 870 1
 855 940 11
 856 870 1
 856 882 2
 857 871 1
 857 872 1
 858 872 1
 859 873 1
 859 874 1
 860 874 1
 860 909 5
 861 875 1
 861 1051 24
 862 876 1
 862 877 1
 863 878 1
 863 918 6
 864 888 2
 864 962 14
 865 880 1
 865 890 2
 866 890 2
 867 913 5
 867 1339 81
 868 924 7
 868 1123 37
 868 1124 37
 869 919 6
 869 1124 37
 870 892 2
 870 945 11
 871 882 1
 871 883 1
 872 883 1
 872 894 2
 873 884 1
 874 884 1
 875 885 1
 875 927 7
 876 886 1
 876 887 1
 877 887 1
 877 905 3
 878 905 3
 878 922 6
 879 888 1
 879 889 1
 880 889 1
 880 899 2
 881 891 1
 881 923 6
 882 892 1
 882 893 1
 883 893 1
 884 895 1
 885 897 1
 885 931 7
 886 898 1
 886 916 4
 887 898 1
 887 911 3
 888 956 11
 888 971 13
 889 906 2
 889 1021 18
 890 899 1
 891 901 1
 891 928 6
 892 902 1
 892 958 11
 893 902 1
 894 903 1
 895 903 1
 896 904 1
 896 930 6
 897 910 2
 897 916 3
 898 917 3
 898 921 4
 899 906 1
 900 907 1
 900 932 6
 901 932 6
 901 933 6
 902 965 11
 903 908 1
 904 909 1
 904 935 6
 905 911 1
 905 937 6
 906 971 11
 906 1049 20
 907 913 1
 907 938 6
 908 915 1
 908 934 5
 909 942 6
 910 926 3
 910 930 4
 911 917 1
 911 943 6
 912 918 1
 913 944 6
 914 919 1
 914 940 5
 915 920 1
 915 941 5
 916 921 1
 916 926 2
 917 927 2
 917 949 6
 918 922 1
 919 924 1
 920 925 1
 921 936 3
 921 955 6
 922 937 3
 923 928 1
 923 929 1
 924 951 5
 924 1153 36
 925 998 10
 926 947 4
 926 948 4
 927 931 1
 927 961 6
 928 933 1
 930 935 1
 930 947 3
 931 936 1
 931 968 6
 932 938 1
 933 939 1
 934 941 1
 934 976 6
 935 942 1
 935 954 3
 936 948 2
 936 980 6
 937 943 1
 937 970 5
 938 944 1
 940 945 1
 941 988 6
 942 946 1
 942 1002 7
 943 949 1
 943 962 3
 944 963 3
 945 952 1
 945 958 2
 946 953 1
 946 967 3
 947 954 1
 947 955 1
 948 979 4
 948 1003 6
 949 961 2
 949 969 3
 950 1052 12
 951 957 1
 951 1169 36
 952 957 1
 952 964 2
 953 959 1
 953 977 3
 954 960 1
 954 967 2
 955 960 1
 955 979 3
 956 970 2
 956 1004 5
 957 974 2
 957 1175 36
 958 964 1
 958 965 1
 959 966 1
 959 989 3
 960 978 2
 960 991 3
 961 968 1
 961 1013 5
 962 969 1
 962 981 2
 963 972 1
 963 1177 36
 964 974 1
 964 975 1
 965 975 1
 965 987 2
 966 976 1
 966 1000 3
 967 977 1
 967 978 1
 968 980 1
 968 1020 5
 969 992 2
 969 1012 4
 970 981 1
 971 983 1
 971 984 1
 972 985 1
 972 1181 36
 974 986 1
 974 1184 36
 975 986 1
 975 997 2
 976 988 1
 977 989 1
 977 990 1
 978 990 1
 978 1011 3
 979 991 1
 979 1033 6
 980 1003 2
 980 1012 3
 981 992 1
 982 993 1
 982 1022 4
 983 994 1
 983 995 1
 984 995 1
 984 1052 8
 985 996 1
 985 1186 36
 986 1007 2
 986 1188 36
 987 997 1
 987 998 1
 988 999 1
 988 1017 3
 989 1000 1
 989 1001 1
 990 1001 1
 990 1019 3
 991 1002 1
 991 1039 6
 992 1013 2
 993 1005 1
 993 1028 4
 994 1006 1
 995 1006 1
 995 1060 8
 996 1192 36
 996 1382 75
 997 1007 1
 997 1008 1
 998 1008 1
 998 1037 5
 999 1009 1
 1000 1010 1
 1001 1010 1
 1001 1024 3
 1002 1011 1
 1002 1047 6
 1003 1033 4
 1003 1040 5
 1004 1014 1
 1005 1014 1
 1005 1036 4
 1006 1065 8
 1007 1016 1
 1007 1198 36
 1008 1016 1
 1008 1045 5
 1009 1078 10
 1010 1018 1
 1010 1032 3
 1011 1019 1
 1011 1055 6
 1012 1025 2
 1012 1056 6
 1013 1020 1
 1013 1021 1
 1014 1027 2
 1014 1042 4
 1015 1066 7
 1016 1053 5
 1016 1083 10
 1017 1023 1
 1018 1023 1
 1018 1038 3
 1019 1024 1
 1019 1061 6
 1020 1025 1
 1020 1026 1
 1021 1026 1
 1021 1050 4
 1022 1028 1
 1023 1031 1
 1023 1046 3
 1024 1032 1
 1024 1067 6
 1025 1034 1
 1025 1040 2
 1026 1034 1
 1026 1057 4
 1027 1035 1
 1027 1059 4
 1028 1036 1
 1029 1077 7
 1031 1054 3
 1032 1038 1
 1032 1070 6
 1033 1039 1
 1033 1056 3
 1034 1048 2
 1034 1049 2
 1035 1041 1
 1035 1064 4
 1036 1042 1
 1036 1043 1
 1037 1045 1
 1037 1078 6
 1038 1046 1
 1038 1079 6
 1039 1047 1
 1039 1072 5
 1040 1048 1
 1040 1068 4
 1041 1051 1
 1041 1069 4
 1042 1059 2
 1045 1053 1
 1045 1084 6
 1046 1054 1
 1046 1085 6
 1047 1055 1
 1048 1081 5
 1049 1062 2
 1050 1057 1
 1050 1058 1
 1051 1058 1
 1051 1074 4
 1052 1060 1
 1052 1337 57
 1053 1089 6
 1053 1235 36
 1054 1090 6
 1054 1117 11
 1055 1061 1
 1055 1071 3
 1056 1068 2
 1056 1071 3
 1057 1062 1
 1057 1063 1
 1058 1063 1
 1058 1082 4
 1059 1064 1
 1060 1065 1
 1061 1067 1
 1061 1080 3
 1063 1088 4
 1064 1069 1
 1065 1093 5
 1067 1070 1
 1067 1086 3
 1068 1072 1
 1068 1104 6
 1069 1074 1
 1069 1075 1
 1070 1079 1
 1070 1091 3
 1071 1080 1
 1071 1087 2
 1072 1087 2
 1072 1110 6
 1074 1082 1
 1078 1084 1
 1078 1094 3
 1079 1085 1
 1079 1095 3
 1080 1086 1
 1080 1092 2
 1081 1104 4
 1082 1088 1
 1083 1100 3
 1084 1089 1
 1084 1101 3
 1085 1090 1
 1085 1102 3
 1086 1091 1
 1086 1096 2
 1087 1092 1
 1089 1107 3
 1089 1142 10
 1090 1108 3
 1091 1095 1
 1091 1103 2
 1092 1096 1
 1093 1098 1
 1093 1191 22
 1094 1101 1
 1094 1117 4
 1095 1102 1
 1095 1109 2
 1096 1103 1
 1097 1106 1
 1097 1111 2
 1098 1196 22
 1100 1116 3
 1101 1107 1
 1102 1108 1
 1102 1113 2
 1103 1109 1
 1104 1110 1
 1105 1111 1
 1105 1120 4
 1106 1112 1
 1106 1115 2
 1107 1125 4
 1108 1118 2
 1108 1159 11
 1109 1113 1
 1110 1114 1
 1111 1115 1
 1111 1127 4
 1112 1119 2
 1112 1133 5
 1113 1118 1
 1114 1126 3
 1115 1119 1
 1115 1132 4
 1116 1162 10
 1118 1167 11
 1119 1139 4
 1120 1127 1
 1121 1216 21
 1122 1128 1
 1123 1129 1
 1123 1130 1
 1124 1130 1
 1124 1153 6
 1125 1304 36
 1126 1143 3
 1126 1209 19
 1127 1131 1
 1127 1132 1
 1128 1135 1
 1128 1152 5
 1129 1136 1
 1129 1152 5
 1130 1136 1
 1130 1158 6
 1131 1138 1
 1132 1138 1
 1132 1139 1
 1133 1148 3
 1133 1163 7
 1134 1141 1
 1134 1177 11
 1135 1141 1
 1135 1156 5
 1136 1157 5
 1136 1161 6
 1137 1143 1
 1137 1147 2
 1138 1144 1
 1138 1147 2
 1139 1144 1
 1140 1145 1
 1140 1241 22
 1141 1160 5
 1142 1149 2
 1142 1263 25
 1143 1146 1
 1143 1151 2
 1144 1163 5
 1144 1294 31
 1145 1148 1
 1145 1247 22
 1146 1155 2
 1146 1229 18
 1147 1151 1
 1147 1168 6
 1148 1254 22
 1149 1154 1
 1151 1155 1
 1151 1172 6
 1152 1156 1
 1152 1157 1
 1153 1158 1
 1153 1169 5
 1154 1166 3
 1154 1276 25
 1155 1176 6
 1155 1246 19
 1156 1160 1
 1158 1161 1
 1158 1174 5
 1159 1167 2
 1160 1164 1
 1161 1178 5
 1162 1165 1
 1163 1168 2
 1163 1173 3
 1164 1210 11
 1165 1170 2
 1166 1208 10
 1167 1189 6
 1168 1172 1
 1168 1180 3
 1169 1174 1
 1169 1175 1
 1170 1203 7
 1171 1199 6
 1171 1355 36
 1172 1176 1
 1172 1185 3
 1173 1180 2
 1173 1288 22
 1174 1178 1
 1174 1179 1
 1175 1179 1
 1175 1184 2
 1176 1190 3
 1176 1325 27
 1177 1181 1
 1177 1210 7
 1178 1183 1
 1178 1201 5
 1179 1183 1
 1179 1187 2
 1180 1185 1
 1181 1186 1
 1181 1218 7
 1183 1193 2
 1183 1205 5
 1184 1187 1
 1184 1188 1
 1185 1190 1
 1186 1192 1
 1186 1224 7
 1187 1193 1
 1187 1194 1
 1188 1194 1
 1188 1198 2
 1189 1195 1
 1190 1287 18
 1191 1196 1
 1191 1248 10
 1192 1232 7
 1193 1197 1
 1193 1220 5
 1194 1197 1
 1194 1202 2
 1195 1199 1
 1196 1200 1
 1196 1255 10
 1197 1206 2
 1197 1226 5
 1198 1202 1
 1198 1203 1
 1199 1209 2
 1200 1204 1
 1200 1260 10
 1201 1205 1
 1202 1206 1
 1202 1207 1
 1203 1207 1
 1203 1235 5
 1204 1217 2
 1204 1265 10
 1205 1212 1
 1205 1220 2
 1206 1213 1
 1206 1239 5
 1207 1213 1
 1207 1240 5
 1208 1214 1
 1209 1215 1
 1209 1229 3
 1210 1218 1
 1210 1315 18
 1211 1219 1
 1212 1219 1
 1212 1225 2
 1213 1244 5
 1213 1245 5
 1214 1227 2
 1215 1221 1
 1215 1236 3
 1216 1222 1
 1216 1223 1
 1217 1223 1
 1217 1271 10
 1218 1224 1
 1218 1322 18
 1219 1233 2
 1220 1225 1
 1220 1226 1
 1221 1228 1
 1221 1253 5
 1222 1230 1
 1222 1231 1
 1223 1231 1
 1223 1277 10
 1224 1232 1
 1224 1326 18
 1225 1233 1
 1225 1234 1
 1226 1234 1
 1226 1239 2
 1227 1267 7
 1228 1259 5
 1228 1263 6
 1229 1236 1
 1229 1287 11
 1230 1237 1
 1230 1384 33
 1231 1237 1
 1231 1282 10
 1233 1238 1
 1234 1238 1
 1234 1243 2
 1235 1240 1
 1235 1267 6
 1236 1246 2
 1237 1241 1
 1237 1289 10
 1238 1251 2
 1239 1243 1
 1239 1244 1
 1240 1245 1
 1240 1270 6
 1241 1247 1
 1241 1296 10
 1242 1249 1
 1242 1250 1
 1243 1251 1
 1243 1252 1
 1244 1252 1
 1244 1269 5
 1245 1269 5
 1245 1275 6
 1246 1253 1
 1246 1295 9
 1247 1254 1
 1247 1300 10
 1248 1255 1
 1248 1261 2
 1249 1256 1
 1249 1257 1
 1250 1257 1
 1250 1279 6
 1251 1258 1
 1252 1258 1
 1252 1274 5
 1253 1259 1
 1253 1299 9
 1254 1264 2
 1254 1307 10
 1255 1260 1
 1255 1266 2
 1256 1291 7
 1257 1284 6
 1257 1320 12
 1258 1262 1
 1258 1280 5
 1259 1286 6
 1259 1306 9
 1260 1265 1
 1260 1268 2
 1261 1266 1
 1261 1368 23
 1262 1285 5
 1262 1315 10
 1263 1276 3
 1263 1286 5
 1264 1281 4
 1264 1318 10
 1265 1271 2
 1265 1272 2
 1266 1268 1
 1266 1371 23
 1267 1270 1
 1267 1304 7
 1268 1272 1
 1268 1375 23
 1269 1274 1
 1269 1303 6
 1270 1275 1
 1270 1311 7
 1271 1277 1
 1271 1283 2
 1272 1283 2
 1272 1378 23
 1273 1278 1
 1273 1333 12
 1274 1280 1
 1274 1310 6
 1275 1303 5
 1275 1317 7
 1276 1293 3
 1276 1305 5
 1277 1282 1
 1277 1290 2
 1278 1338 12
 1278 1344 13
 1279 1284 1
 1279 1292 2
 1280 1285 1
 1280 1316 6
 1281 1288 1
 1281 1332 10
 1282 1289 1
 1282 1297 2
 1283 1290 1
 1283 1386 23
 1284 1291 1
 1284 1298 2
 1285 1323 6
 1285 1334 10
 1286 1294 1
 1286 1305 3
 1287 1295 1
 1287 1385 22
 1288 1336 10
 1288 1385 22
 1289 1296 1
 1289 1301 2
 1290 1297 1
 1290 1391 23
 1291 1302 2
 1291 1345 11
 1292 1298 1
 1292 1309 3
 1293 1324 5
 1293 1342 10
 1294 1312 3
 1294 1325 5
 1295 1299 1
 1295 1384 21
 1296 1300 1
 1296 1308 2
 1297 1301 1
 1297 1397 23
 1298 1302 1
 1298 1314 3
 1299 1306 1
 1299 1390 21
 1300 1307 1
 1300 1313 2
 1301 1308 1
 1301 1403 23
 1302 1321 3
 1302 1354 11
 1303 1310 1
 1303 1411 25
 1304 1311 1
 1304 1329 6
 1305 1312 1
 1305 1324 3
 1306 1331 6
 1306 1396 21
 1307 1318 2
 1307 1319 2
 1308 1313 1
 1308 1406 23
 1309 1314 1
 1309 1339 7
 1310 1316 1
 1310 1415 25
 1311 1317 1
 1311 1335 6
 1312 1327 3
 1312 1330 5
 1313 1319 1
 1313 1409 23
 1314 1321 1
 1315 1322 1
 1315 1334 5
 1316 1323 1
 1316 1387 18
 1317 1341 6
 1318 1328 2
 1318 1332 4
 1319 1328 2
 1320 1345 6
 1321 1351 7
 1321 1363 11
 1322 1326 1
 1322 1340 5
 1323 1360 10
 1323 1424 25
 1324 1327 1
 1324 1362 10
 1325 1330 3
 1325 1331 3
 1327 1347 5
 1327 1367 10
 1328 1343 4
 1328 1422 23
 1329 1335 1
 1329 1355 5
 1330 1347 3
 1330 1348 3
 1331 1348 3
 1332 1336 1
 1332 1343 2
 1333 1338 1
 1334 1340 1
 1334 1360 6
 1335 1341 1
 1335 1357 5
 1336 1349 2
 1336 1431 22
 1337 1344 1
 1338 1393 13
 1340 1365 6
 1341 1361 5
 1342 1346 1
 1342 1362 5
 1343 1349 1
 1343 1440 23
 1344 1350 1
 1344 1393 12
 1345 1354 2
 1346 1356 2
 1346 1366 5
 1347 1358 3
 1347 1383 10
 1348 1358 3
 1350 1353 1
 1350 1399 12
 1351 1394 11
 1353 1372 5
 1353 1404 12
 1354 1363 3
 1355 1357 1
 1355 1380 7
 1356 1373 5
 1356 1380 7
 1357 1361 1
 1358 1374 4
 1358 1402 10
 1359 1410 12
 1359 1413 13
 1360 1365 1
 1360 1427 34
 1360 1577 43
 1361 1387 7
 1361 1388 7
 1362 1366 1
 1362 1367 1
 1363 1394 7
 1365 1369 1
 1365 1585 43
 1366 1370 1
 1366 1373 2
 1367 1370 1
 1367 1383 5
 1368 1371 1
 1368 1372 1
 1369 1591 43
 1370 1377 2
 1370 1389 5
 1371 1375 1
 1371 1376 1
 1372 1376 1
 1372 1426 13
 1373 1377 1
 1374 1417 10
 1374 1454 17
 1375 1378 1
 1375 1379 1
 1376 1379 1
 1376 1432 13
 1377 1401 5
 1377 1408 7
 1378 1381 1
 1378 1386 2
 1379 1381 1
 1379 1436 13
 1381 1392 2
 1381 1441 13
 1382 1831 78
 1383 1389 1
 1383 1402 3
 1384 1390 1
 1385 1431 10
 1386 1391 1
 1386 1392 1
 1387 1420 7
 1388 1411 5
 1389 1401 2
 1389 1405 3
 1390 1396 1
 1391 1397 1
 1391 1398 1
 1392 1398 1
 1392 1457 13
 1393 1399 1
 1394 1400 1
 1394 1414 5
 1395 1443 11
 1395 1842 78
 1397 1403 1
 1398 1449 11
 1399 1404 1
 1400 1419 5
 1401 1412 3
 1401 1428 7
 1402 1405 1
 1402 1417 4
 1403 1406 1
 1405 1412 2
 1405 1421 4
 1406 1409 1
 1408 1416 2
 1408 1428 5
 1409 1422 3
 1410 1476 13
 1411 1415 1
 1411 1433 5
 1412 1429 4
 1412 1445 7
 1413 1418 1
 1413 1476 12
 1414 1419 1
 1414 1443 6
 1415 1420 1
 1415 1437 5
 1416 1438 5
 1417 1421 1
 1417 1508 17
 1418 1423 1
 1418 1482 12
 1419 1451 6
 1420 1424 1
 1420 1444 5
 1421 1429 2
 1421 1513 17
 1422 1440 4
 1423 1489 12
 1424 1427 1
 1424 1452 5
 1425 1434 2
 1425 1479 10
 1426 1432 1
 1426 1442 3
 1427 1459 5
 1427 1494 12
 1428 1445 3
 1429 1469 7
 1429 1523 17
 1430 1434 1
 1431 1435 1
 1432 1436 1
 1432 1450 3
 1433 1437 1
 1433 1468 6
 1434 1439 1
 1434 1491 10
 1435 1447 2
 1436 1441 1
 1436 1458 3
 1437 1444 1
 1437 1472 6
 1438 1460 3
 1438 1468 5
 1439 1446 1
 1439 1495 10
 1440 1568 23
 1441 1457 2
 1441 1465 3
 1442 1450 1
 1443 1451 1
 1444 1452 1
 1444 1477 6
 1445 1453 1
 1445 1469 4
 1446 1502 10
 1447 1455 1
 1447 1575 23
 1448 1568 22
 1449 1456 1
 1450 1458 1
 1451 1896 78
 1452 1459 1
 1452 1484 6
 1453 1460 1
 1453 1473 4
 1454 1508 10
 1455 1461 1
 1455 1583 23
 1456 1462 1
 1456 1463 1
 1457 1464 1
 1457 1471 3
 1458 1465 1
 1459 1490 6
 1459 1522 12
 1460 1478 4
 1461 1492 6
 1461 1589 23
 1462 1630 32
 1463 1467 1
 1464 1467 1
 1464 1475 3
 1465 1471 2
 1466 1518 10
 1467 1470 1
 1467 1481 3
 1468 1472 1
 1468 1506 7
 1469 1473 1
 1469 1501 6
 1470 1474 1
 1470 1486 3
 1471 1475 1
 1472 1477 1
 1472 1511 7
 1473 1478 1
 1473 1507 6
 1474 1480 1
 1475 1481 1
 1476 1482 1
 1476 1483 1
 1477 1484 1
 1477 1517 7
 1478 1500 4
 1478 1512 6
 1479 1491 2
 1479 1492 2
 1480 1485 1
 1481 1486 1
 1481 1487 1
 1482 1489 1
 1484 1490 1
 1485 1497 2
 1486 1498 2
 1487 1493 1
 1488 1493 1
 1488 1544 11
 1489 1544 11
 1490 1527 7
 1490 1549 12
 1491 1495 1
 1491 1496 1
 1492 1504 2
 1492 1706 35
 1493 1499 1
 1494 1522 5
 1495 1502 1
 1495 1503 1
 1496 1503 1
 1496 1504 1
 1497 1521 4
 1498 1505 1
 1499 1690 32
 1500 1506 1
 1500 1531 6
 1501 1507 1
 1501 1528 5
 1502 1509 1
 1502 1514 2
 1503 1509 1
 1503 1510 1
 1504 1510 1
 1505 1516 2
 1506 1511 1
 1506 1535 6
 1507 1512 1
 1507 1532 5
 1508 1513 1
 1509 1515 1
 1509 1519 2
 1510 1515 1
 1511 1517 1
 1511 1540 6
 1512 1531 4
 1512 1536 5
 1513 1523 2
 1514 1518 1
 1514 1519 1
 1515 1520 1
 1515 1525 2
 1516 1534 4
 1518 1524 1
 1518 1537 4
 1519 1524 1
 1519 1525 1
 1520 1530 2
 1520 1606 16
 1521 1526 1
 1522 1549 6
 1523 1557 7
 1524 1529 1
 1524 1542 4
 1525 1529 1
 1525 1530 1
 1526 1533 2
 1527 1577 9
 1528 1532 1
 1528 1557 6
 1529 1546 4
 1530 1616 16
 1531 1535 1
 1531 1556 5
 1532 1536 1
 1532 1564 6
 1533 1538 1
 1534 1539 1
 1535 1540 1
 1535 1563 5
 1536 1556 4
 1536 1570 6
 1537 1541 1
 1537 1542 1
 1538 1543 1
 1539 1547 2
 1540 1569 5
 1541 1545 1
 1541 1551 2
 1542 1545 1
 1542 1546 1
 1543 1625 15
 1544 1548 1
 1545 1552 1
 1545 1559 2
 1546 1552 1
 1546 1553 1
 1547 1554 1
 1548 1555 1
 1549 1596 7
 1551 1558 1
 1551 1559 1
 1552 1560 1
 1552 1567 2
 1553 1560 1
 1553 1615 11
 1554 1561 1
 1555 1562 1
 1556 1563 1
 1556 1597 6
 1557 1564 1
 1557 1565 1
 1558 1566 1
 1559 1566 1
 1559 1567 1
 1560 1574 2
 1560 1594 5
 1561 1647 15
 1563 1569 1
 1563 1601 6
 1564 1570 1
 1564 1571 1
 1565 1571 1
 1566 1572 1
 1566 1573 1
 1567 1573 1
 1567 1574 1
 1568 1575 1
 1568 1576 1
 1569 1578 1
 1569 1609 7
 1570 1579 1
 1570 1597 4
 1571 1579 1
 1572 1580 1
 1572 1581 1
 1573 1581 1
 1573 1582 1
 1574 1582 1
 1574 1604 5
 1575 1583 1
 1575 1584 1
 1576 1584 1
 1576 1630 11
 1577 1585 1
 1577 1607 6
 1578 1608 6
 1579 1602 4
 1580 1587 1
 1581 1587 1
 1581 1588 1
 1582 1588 1
 1582 1605 5
 1583 1589 1
 1583 1590 1
 1584 1590 1
 1584 1636 11
 1585 1591 1
 1585 1611 6
 1586 1658 13
 1587 1593 1
 1587 1598 2
 1588 1593 1
 1588 1610 5
 1589 1595 1
 1590 1595 1
 1590 1644 11
 1591 1596 1
 1591 1617 6
 1592 1618 6
 1592 1632 9
 1593 1603 2
 1593 1614 5
 1594 1604 2
 1594 1620 6
 1595 1629 8
 1595 1652 11
 1596 1600 1
 1596 1622 6
 1597 1601 1
 1597 1602 1
 1598 1603 1
 1598 1627 7
 1599 1615 4
 1599 1621 5
 1600 1626 6
 1601 1608 2
 1602 1658 10
 1603 1624 5
 1603 1685 13
 1604 1605 1
 1604 1628 6
 1605 1610 1
 1605 1634 6
 1606 1616 2
 1607 1611 1
 1607 1632 5
 1608 1612 1
 1608 1613 1
 1609 1613 1
 1609 1672 10
 1610 1614 1
 1610 1641 6
 1611 1617 1
 1611 1639 5
 1612 1618 1
 1612 1619 1
 1613 1619 1
 1613 1682 10
 1614 1624 2
 1614 1649 6
 1615 1620 1
 1615 1642 5
 1616 1621 1
 1616 1651 6
 1617 1622 1
 1617 1648 5
 1618 1623 1
 1618 1681 9
 1619 1623 1
 1619 1692 10
 1620 1628 2
 1620 1650 5
 1621 1642 4
 1621 1659 6
 1622 1626 1
 1622 1657 5
 1623 1701 10
 1624 1666 6
 1624 1722 13
 1625 1631 1
 1626 1664 5
 1627 1633 1
 1628 1634 1
 1628 1667 5
 1629 1635 1
 1629 1668 5
 1630 1636 1
 1630 1637 1
 1631 1638 1
 1632 1639 1
 1632 1681 6
 1633 1640 1
 1634 1641 1
 1634 1675 5
 1635 1643 1
 1635 1676 5
 1636 1644 1
 1636 1645 1
 1637 1645 1
 1637 1646 1
 1638 1646 1
 1639 1648 1
 1639 1691 6
 1640 1674 4
 1641 1649 1
 1641 1686 5
 1642 1650 1
 1642 1696 6
 1643 1687 5
 1643 1705 7
 1644 1652 1
 1644 1653 1
 1645 1653 1
 1645 1654 1
 1646 1654 1
 1646 1655 1
 1647 1656 1
 1648 1657 1
 1648 1699 6
 1649 1666 2
 1649 1695 5
 1650 1667 2
 1650 1704 6
 1651 1659 1
 1651 1734 12
 1652 1660 1
 1652 1706 6
 1653 1660 1
 1653 1661 1
 1654 1661 1
 1654 1679 3
 1655 1662 1
 1655 1670 2
 1656 1663 1
 1657 1664 1
 1658 1665 1
 1659 1696 4
 1659 1739 12
 1660 1669 1
 1660 1724 8
 1661 1669 1
 1661 1670 1
 1662 1671 1
 1662 1678 2
 1663 1671 1
 1664 1720 7
 1665 1673 1
 1665 1674 1
 1666 1712 5
 1667 1675 1
 1667 1718 6
 1668 1676 1
 1669 1677 1
 1669 1719 6
 1670 1677 1
 1670 1678 1
 1671 1679 1
 1671 1680 1
 1672 1682 1
 1672 1683 1
 1673 1683 1
 1673 1684 1
 1674 1684 1
 1674 1685 1
 1675 1686 1
 1675 1723 6
 1676 1687 1
 1677 1688 1
 1677 1731 8
 1678 1688 1
 1678 1689 1
 1679 1689 1
 1680 1690 1
 1680 1698 2
 1681 1691 1
 1682 1692 1
 1682 1702 2
 1683 1693 1
 1683 1710 3
 1684 1693 1
 1684 1694 1
 1685 1694 1
 1685 1722 5
 1686 1695 1
 1686 1788 18
 1687 1725 6
 1687 1729 7
 1688 1697 1
 1688 1737 8
 1689 1697 1
 1689 1698 1
 1690 1708 2
 1691 1699 1
 1691 1700 1
 1692 1701 1
 1692 1711 2
 1693 1702 1
 1693 1703 1
 1694 1703 1
 1695 1712 2
 1695 1797 18
 1696 1704 1
 1696 1705 1
 1697 1707 1
 1697 1732 6
 1698 1707 1
 1698 1708 1
 1699 1709 1
 1700 1709 1
 1700 1753 10
 1701 1710 1
 1702 1711 1
 1703 1717 2
 1703 1728 5
 1704 1713 1
 1704 1718 2
 1705 1713 1
 1705 1729 5
 1706 1719 2
 1707 1714 1
 1707 1748 8
 1708 1714 1
 1709 1715 1
 1709 1756 10
 1710 1716 1
 1710 1754 9
 1711 1716 1
 1711 1717 1
 1712 1774 13
 1712 1813 18
 1713 1733 5
 1713 1825 20
 1715 1760 10
 1716 1721 1
 1716 1757 9
 1717 1721 1
 1718 1723 1
 1718 1743 6
 1719 1727 2
 1719 1732 3
 1720 1738 4
 1721 1762 9
 1723 1749 6
 1723 1820 17
 1724 1726 1
 1724 1727 1
 1725 1734 2
 1726 1730 1
 1727 1730 1
 1727 1731 1
 1728 1796 12
 1729 1733 1
 1729 1758 6
 1730 1735 1
 1730 1736 1
 1731 1736 1
 1731 1737 1
 1732 1742 2
 1733 1743 2
 1733 1763 6
 1734 1739 1
 1734 1745 2
 1735 1740 1
 1735 1745 2
 1736 1740 1
 1736 1741 1
 1737 1741 1
 1737 1742 1
 1738 1770 7
 1739 1744 1
 1739 1758 4
 1740 1746 1
 1740 1777 7
 1741 1746 1
 1741 1747 1
 1742 1747 1
 1742 1748 1
 1743 1749 1
 1743 1775 6
 1744 1750 1
 1744 1764 4
 1745 1750 1
 1746 1751 1
 1746 1783 7
 1747 1751 1
 1747 1752 1
 1748 1752 1
 1749 1780 6
 1749 1853 17
 1750 1769 4
 1751 1792 7
 1753 1756 1
 1753 1761 2
 1754 1757 1
 1754 1765 3
 1756 1760 1
 1756 1766 2
 1757 1761 1
 1757 1762 1
 1758 1763 1
 1758 1764 1
 1759 1793 5
 1759 1810 7
 1760 1765 1
 1760 1771 2
 1761 1766 1
 1761 1767 1
 1762 1767 1
 1762 1796 5
 1763 1768 1
 1763 1775 2
 1764 1768 1
 1764 1769 1
 1765 1772 1
 1766 1772 1
 1766 1773 1
 1767 1773 1
 1767 1805 5
 1768 1776 1
 1768 1781 2
 1769 1776 1
 1769 1777 1
 1771 1786 2
 1771 1804 4
 1772 1779 1
 1772 1786 2
 1773 1779 1
 1773 1812 5
 1774 1820 6
 1775 1780 1
 1775 1781 1
 1776 1782 1
 1776 1790 2
 1777 1782 1
 1777 1783 1
 1778 1784 1
 1778 1785 1
 1779 1819 5
 1780 1788 1
 1780 1789 1
 1781 1789 1
 1781 1790 1
 1782 1791 1
 1782 1799 2
 1783 1791 1
 1783 1792 1
 1784 1793 1
 1784 1794 1
 1785 1794 1
 1785 1795 1
 1786 1818 4
 1787 1832 6
 1787 1864 12
 1788 1797 1
 1788 1806 2
 1789 1798 1
 1789 1882 17
 1790 1798 1
 1790 1799 1
 1791 1800 1
 1791 1808 2
 1792 1800 1
 1792 1801 1
 1793 1802 1
 1793 1841 7
 1794 1802 1
 1794 1803 1
 1795 1803 1
 1795 1823 4
 1796 1805 1
 1796 1838 6
 1797 1813 2
 1797 1814 2
 1798 1806 1
 1798 1807 1
 1799 1807 1
 1799 1808 1
 1800 1809 1
 1800 1816 2
 1801 1809 1
 1801 1810 1
 1802 1811 1
 1802 1847 7
 1803 1811 1
 1803 1830 4
 1804 1818 2
 1805 1812 1
 1805 1843 6
 1806 1814 1
 1806 1827 3
 1807 1815 1
 1807 1894 17
 1808 1815 1
 1808 1816 1
 1809 1817 1
 1809 1822 2
 1810 1817 1
 1810 1841 5
 1811 1836 4
 1811 1850 7
 1812 1819 1
 1812 1848 6
 1813 1826 2
 1813 1879 13
 1814 1826 2
 1814 1834 3
 1815 1821 1
 1815 1903 17
 1816 1821 1
 1816 1822 1
 1817 1829 2
 1817 1846 5
 1818 1858 7
 1819 1852 6
 1820 1824 1
 1820 1825 1
 1821 1827 1
 1821 1828 1
 1822 1828 1
 1822 1829 1
 1823 1830 1
 1824 1832 1
 1824 1833 1
 1825 1833 1
 1825 1853 5
 1826 1844 3
 1826 1888 13
 1827 1834 1
 1827 1840 2
 1828 1835 1
 1828 1916 17
 1829 1835 1
 1829 1855 5
 1830 1836 1
 1831 1837 1
 1831 1884 12
 1832 1839 1
 1832 1885 12
 1833 1839 1
 1833 1859 5
 1834 1844 2
 1834 1845 2
 1835 1840 1
 1835 1861 5
 1836 1872 7
 1837 1842 1
 1837 1890 12
 1838 1843 1
 1838 1864 5
 1839 1865 5
 1839 1891 12
 1840 1845 1
 1841 1846 1
 1841 1847 1
 1842 1851 2
 1842 1897 12
 1843 1848 1
 1843 1869 5
 1844 1854 2
 1844 1911 13
 1845 1854 2
 1846 1849 1
 1846 1855 2
 1847 1849 1
 1847 1850 1
 1848 1852 1
 1848 1873 5
 1849 1856 1
 1849 1862 2
 1850 1856 1
 1850 1872 4
 1851 1880 7
 1851 1912 12
 1852 1876 5
 1853 1859 1
 1853 1860 1
 1854 1922 13
 1855 1861 1
 1855 1862 1
 1856 1868 2
 1856 1874 4
 1857 1904 10
 1858 1863 1
 1858 1898 9
 1859 1865 1
 1859 1866 1
 1860 1866 1
 1860 1879 5
 1861 1867 1
 1861 2028 31
 1862 1867 1
 1862 1868 1
 1863 1905 9
 1863 1941 16
 1864 1869 1
 1864 1885 6
 1865 1870 1
 1866 1870 1
 1866 1881 5
 1867 1871 1
 1867 1950 17
 1868 1871 1
 1868 1883 5
 1869 1873 1
 1870 1886 5
 1870 1930 12
 1871 1889 5
 1871 1955 17
 1872 1874 1
 1872 1875 1
 1873 1876 1
 1873 1899 6
 1874 1877 1
 1875 1877 1
 1875 1895 5
 1876 1906 6
 1876 1907 6
 1877 1883 2
 1878 1917 7
 1879 1881 1
 1879 1882 1
 1880 1946 12
 1881 1886 1
 1881 1887 1
 1882 1887 1
 1882 1888 1
 1883 1889 1
 1884 1890 1
 1885 1891 1
 1886 1892 1
 1886 1953 12
 1887 1892 1
 1887 1893 1
 1888 1893 1
 1888 1894 1
 1889 1923 5
 1889 1981 17
 1890 1897 1
 1891 1900 1
 1892 1901 1
 1892 1958 12
 1893 1901 1
 1893 1902 1
 1894 1902 1
 1894 1903 1
 1897 1912 2
 1898 1905 1
 1898 1918 3
 1899 1907 1
 1899 1908 1
 1900 1908 1
 1900 1925 4
 1901 1909 1
 1901 1964 12
 1902 1909 1
 1902 1910 1
 1903 1910 1
 1903 1911 1
 1904 1918 2
 1904 1937 6
 1905 1992 16
 1906 1932 5
 1906 1941 7
 1907 1913 1
 1907 1919 2
 1908 1913 1
 1908 1928 4
 1909 1914 1
 1910 1914 1
 1910 1915 1
 1911 1915 1
 1911 1916 1
 1912 1946 7
 1912 2103 42
 1913 1924 2
 1913 1933 4
 1914 1920 1
 1915 1920 1
 1915 1921 1
 1916 1921 1
 1916 1922 1
 1918 1948 6
 1918 2089 35
 1919 1924 1
 1919 1938 4
 1920 1926 1
 1920 1980 12
 1921 1926 1
 1921 1927 1
 1922 1927 1
 1922 1950 6
 1923 2069 35
 1924 1942 4
 1924 1943 4
 1925 1928 1
 1925 1929 1
 1926 1931 1
 1926 1987 12
 1927 1931 1
 1927 1954 6
 1928 1933 1
 1929 1934 1
 1930 1934 1
 1930 1953 5
 1931 1959 6
 1931 1997 12
 1932 1938 1
 1932 1965 7
 1933 1943 2
 1934 1939 1
 1934 1957 5
 1935 1945 2
 1936 1940 1
 1936 1990 10
 1937 1948 2
 1938 1942 1
 1938 1971 7
 1939 1944 1
 1939 1962 5
 1940 1947 1
 1940 1999 10
 1941 1965 5
 1941 1992 9
 1942 1961 4
 1942 1976 7
 1943 1949 1
 1943 1961 4
 1944 1952 2
 1944 1967 5
 1946 1956 2
 1946 2129 42
 1947 1951 1
 1947 2004 10
 1948 1983 7
 1949 1952 1
 1949 1966 4
 1950 1954 1
 1950 1955 1
 1951 1960 2
 1951 2011 10
 1952 1972 4
 1952 1977 5
 1953 1957 1
 1953 1958 1
 1954 1959 1
 1954 1988 6
 1955 1981 5
 1955 2040 14
 1956 2139 43
 1957 1962 1
 1957 1963 1
 1958 1963 1
 1958 1964 1
 1959 1998 6
 1959 2033 12
 1960 2022 10
 1961 1966 1
 1961 2006 7
 1962 1967 1
 1962 1968 1
 1963 1968 1
 1963 1969 1
 1964 1969 1
 1965 1971 1
 1965 2025 9
 1966 1972 1
 1966 2014 7
 1967 1973 1
 1967 1977 2
 1968 1973 1
 1968 1974 1
 1969 1974 1
 1970 1975 1
 1970 2034 10
 1971 1976 1
 1971 2030 9
 1972 2007 5
 1972 2020 7
 1973 1978 1
 1973 2110 31
 1974 1978 1
 1974 1979 1
 1975 1982 1
 1975 2041 10
 1976 2006 4
 1976 2036 9
 1977 1993 2
 1977 2007 4
 1978 1984 1
 1978 1993 2
 1979 1984 1
 1979 1985 1
 1980 1986 1
 1980 1987 1
 1981 1988 1
 1982 1989 1
 1982 2046 10
 1983 1991 1
 1983 2005 3
 1984 1994 1
 1984 2000 2
 1985 1994 1
 1985 1995 1
 1986 1995 1
 1986 1996 1
 1987 1996 1
 1987 1997 1
 1988 1998 1
 1989 2052 10
 1990 1999 1
 1990 2005 2
 1991 2013 3
 1991 2087 21
 1992 2025 5
 1993 2000 1
 1993 2021 4
 1994 2001 1
 1994 2008 2
 1995 2001 1
 1995 2002 1
 1996 2002 1
 1996 2003 1
 1997 2003 1
 1997 2028 5
 1998 2065 12
 1999 2004 1
 1999 2012 2
 2000 2008 1
 2000 2026 4
 2001 2009 1
 2001 2015 2
 2002 2009 1
 2002 2010 1
 2003 2010 1
 2003 2032 5
 2004 2011 1
 2004 2018 2
 2005 2012 1
 2005 2013 1
 2006 2014 1
 2006 2059 9
 2007 2021 2
 2007 2049 7
 2008 2015 1
 2008 2031 4
 2009 2016 1
 2010 2016 1
 2010 2038 5
 2011 2022 2
 2011 2023 2
 2012 2018 1
 2012 2019 1
 2013 2019 1
 2014 2020 1
 2014 2063 9
 2015 2027 2
 2015 2037 4
 2016 2027 2
 2016 2044 5
 2017 2056 7
 2018 2023 1
 2018 2024 1
 2019 2024 1
 2020 2049 5
 2020 2067 9
 2021 2026 1
 2021 2060 7
 2022 2035 2
 2023 2029 1
 2023 2035 2
 2024 2029 1
 2025 2030 1
 2025 2070 9
 2026 2031 1
 2026 2064 7
 2027 2050 4
 2027 2083 12
 2028 2032 1
 2028 2033 1
 2029 2043 2
 2029 2104 21
 2030 2036 1
 2030 2076 9
 2031 2037 1
 2031 2068 7
 2032 2038 1
 2032 2039 1
 2033 2039 1
 2033 2040 1
 2034 2041 1
 2034 2047 2
 2035 2042 1
 2035 2043 1
 2036 2059 4
 2036 2079 9
 2037 2050 2
 2037 2071 7
 2038 2044 1
 2039 2045 1
 2040 2045 1
 2040 2065 5
 2041 2046 1
 2041 2053 2
 2042 2047 1
 2042 2048 1
 2043 2048 1
 2044 2072 6
 2045 2051 1
 2046 2052 1
 2046 2057 2
 2047 2053 1
 2047 2054 1
 2048 2054 1
 2049 2060 2
 2049 2084 9
 2050 2072 5
 2050 2080 7
 2051 2055 1
 2051 2073 5
 2052 2061 2
 2052 2075 5
 2053 2057 1
 2053 2058 1
 2054 2058 1
 2055 2077 5
 2055 2169 31
 2057 2061 1
 2057 2062 1
 2058 2062 1
 2058 2122 21
 2059 2063 1
 2059 2085 9
 2060 2064 1
 2060 2086 9
 2061 2066 1
 2061 2082 5
 2062 2066 1
 2062 2126 21
 2063 2067 1
 2063 2088 9
 2064 2068 1
 2064 2090 9
 2065 2069 1
 2066 2131 21
 2067 2084 5
 2067 2093 9
 2068 2071 1
 2068 2094 9
 2069 2074 1
 2070 2076 1
 2070 2087 7
 2071 2080 2
 2071 2096 9
 2072 2091 7
 2072 2158 25
 2073 2077 1
 2073 2078 1
 2074 2078 1
 2075 2082 2
 2076 2079 1
 2076 2099 10
 2077 2081 1
 2077 2083 2
 2078 2081 1
 2079 2085 4
 2080 2100 9
 2080 2112 12
 2082 2097 7
 2083 2091 4
 2084 2086 2
 2084 2089 3
 2085 2088 1
 2085 2106 7
 2086 2090 1
 2086 2095 3
 2087 2106 6
 2088 2093 1
 2088 2109 7
 2089 2095 2
 2089 2107 6
 2090 2094 1
 2090 2116 9
 2091 2112 7
 2092 2120 10
 2093 2107 5
 2093 2113 7
 2094 2096 1
 2094 2119 9
 2095 2102 3
 2095 2114 6
 2096 2100 2
 2096 2102 3
 2097 2098 1
 2097 2117 7
 2098 2121 7
 2098 2186 21
 2099 2101 1
 2100 2111 3
 2100 2145 12
 2101 2105 1
 2102 2125 6
 2103 2129 7
 2104 2108 1
 2105 2108 1
 2105 2124 5
 2106 2109 1
 2107 2110 1
 2107 2133 7
 2108 2115 2
 2108 2128 5
 2109 2113 1
 2110 2114 1
 2110 2151 10
 2111 2134 6
 2112 2145 9
 2113 2133 5
 2114 2116 1
 2114 2138 7
 2115 2118 1
 2116 2119 1
 2116 2144 7
 2117 2121 1
 2117 2130 3
 2118 2123 1
 2119 2125 1
 2119 2152 7
 2120 2130 2
 2120 2147 6
 2121 2226 21
 2122 2126 1
 2122 2127 1
 2123 2127 1
 2123 2141 5
 2124 2128 1
 2125 2134 2
 2125 2157 7
 2126 2131 1
 2126 2132 1
 2127 2132 1
 2127 2149 5
 2130 2137 2
 2130 2276 35
 2131 2135 1
 2131 2153 5
 2132 2135 1
 2133 2138 2
 2133 2143 3
 2134 2158 5
 2134 2168 7
 2135 2160 5
 2136 2139 1
 2136 2185 10
 2137 2140 1
 2138 2144 1
 2138 2156 3
 2139 2146 1
 2139 2193 10
 2140 2148 1
 2141 2149 1
 2142 2170 5
 2143 2150 1
 2143 2151 1
 2144 2152 1
 2144 2163 3
 2145 2164 3
 2146 2202 10
 2147 2159 2
 2148 2159 2
 2150 2154 1
 2150 2155 1
 2151 2155 1
 2151 2156 1
 2152 2157 1
 2152 2167 3
 2153 2160 1
 2153 2186 7
 2154 2161 1
 2154 2165 2
 2155 2162 1
 2156 2162 1
 2156 2163 1
 2157 2168 2
 2157 2173 3
 2158 2169 2
 2159 2194 7
 2160 2180 5
 2160 2195 7
 2161 2170 2
 2161 2171 2
 2162 2165 1
 2162 2166 1
 2163 2166 1
 2163 2167 1
 2164 2192 6
 2165 2171 1
 2166 2172 1
 2167 2172 1
 2167 2173 1
 2168 2179 3
 2168 2230 12
 2169 2192 5
 2170 2174 1
 2170 2177 2
 2171 2177 2
 2172 2175 1
 2173 2175 1
 2173 2179 2
 2174 2176 1
 2174 2182 2
 2175 2178 1
 2175 2184 2
 2176 2181 1
 2176 2189 2
 2177 2182 1
 2178 2183 1
 2178 2191 2
 2179 2184 1
 2180 2187 1
 2180 2221 7
 2181 2188 1
 2181 2198 2
 2182 2189 1
 2182 2190 1
 2183 2200 2
 2183 2201 2
 2184 2191 1
 2185 2193 1
 2185 2203 2
 2186 2195 1
 2186 2226 7
 2187 2196 1
 2187 2227 7
 2188 2197 1
 2188 2205 2
 2189 2198 1
 2190 2199 1
 2191 2201 1
 2192 2230 7
 2193 2202 1
 2193 2207 2
 2194 2203 1
 2194 2204 1
 2195 2221 5
 2195 2232 7
 2196 2222 5
 2196 2233 7
 2197 2208 2
 2197 2222 5
 2198 2205 1
 2199 2206 1
 2200 2206 1
 2200 2211 2
 2201 2211 2
 2202 2212 2
 2203 2207 1
 2203 2281 23
 2204 2274 21
 2205 2208 1
 2205 2209 1
 2206 2210 1
 2206 2216 2
 2207 2212 1
 2207 2286 23
 2208 2213 1
 2208 2234 5
 2209 2213 1
 2209 2214 1
 2210 2215 1
 2210 2220 2
 2211 2216 1
 2211 2236 5
 2212 2217 1
 2212 2288 23
 2213 2218 1
 2213 2238 5
 2214 2218 1
 2214 2219 1
 2215 2219 1
 2215 2224 2
 2216 2220 1
 2217 2225 2
 2217 2291 23
 2218 2223 1
 2218 2240 5
 2219 2223 1
 2219 2228 2
 2220 2224 1
 2221 2227 1
 2221 2247 7
 2222 2234 2
 2222 2248 7
 2223 2235 2
 2223 2242 5
 2224 2228 1
 2225 2231 1
 2225 2295 23
 2226 2232 1
 2226 2257 9
 2227 2233 1
 2227 2252 7
 2228 2235 1
 2229 2237 1
 2229 2246 5
 2230 2241 3
 2231 2239 2
 2232 2247 5
 2232 2260 9
 2233 2248 5
 2233 2254 7
 2234 2238 1
 2234 2255 7
 2235 2249 5
 2237 2251 5
 2238 2240 1
 2238 2258 7
 2239 2244 2
 2239 2329 29
 2240 2242 1
 2240 2261 7
 2241 2243 1
 2242 2249 2
 2242 2263 7
 2243 2246 1
 2245 2250 1
 2245 2262 5
 2246 2251 1
 2247 2252 1
 2247 2272 9
 2248 2255 2
 2248 2267 7
 2249 2268 7
 2249 2285 12
 2250 2264 5
 2251 2253 1
 2251 2256 2
 2252 2254 1
 2252 2275 9
 2254 2267 5
 2254 2279 9
 2255 2258 1
 2255 2273 7
 2256 2259 1
 2257 2260 1
 2257 2274 7
 2258 2261 1
 2258 2277 7
 2259 2262 1
 2260 2272 5
 2260 2278 7
 2261 2263 1
 2261 2280 7
 2262 2264 1
 2263 2268 2
 2263 2283 7
 2264 2265 1
 2264 2266 1
 2265 2269 1
 2265 2270 1
 2266 2270 1
 2267 2273 2
 2267 2276 3
 2268 2284 5
 2268 2289 7
 2269 2271 1
 2269 2285 5
 2270 2271 1
 2271 2405 35
 2272 2275 1
 2272 2293 7
 2273 2277 1
 2273 2282 3
 2274 2278 1
 2275 2279 1
 2275 2297 7
 2276 2282 2
 2276 2294 6
 2277 2280 1
 2277 2306 9
 2278 2281 1
 2278 2293 5
 2279 2294 5
 2279 2301 7
 2280 2283 1
 2280 2312 9
 2281 2286 1
 2281 2296 5
 2282 2292 3
 2282 2302 6
 2283 2289 2
 2283 2292 3
 2284 2287 1
 2284 2307 7
 2285 2308 7
 2286 2288 1
 2286 2299 5
 2287 2290 1
 2287 2313 7
 2288 2291 1
 2288 2303 5
 2289 2298 3
 2289 2307 5
 2290 2308 5
 2290 2317 7
 2291 2295 2
 2291 2309 5
 2292 2316 6
 2293 2296 1
 2293 2297 1
 2294 2302 2
 2294 2321 7
 2295 2318 5
 2296 2299 1
 2296 2300 1
 2297 2300 1
 2297 2301 1
 2298 2322 6
 2299 2303 1
 2299 2304 1
 2300 2304 1
 2300 2305 1
 2301 2305 1
 2301 2321 5
 2302 2306 1
 2302 2328 7
 2303 2309 1
 2303 2310 1
 2304 2310 1
 2304 2311 1
 2305 2311 1
 2305 2325 5
 2306 2312 1
 2306 2332 7
 2307 2313 1
 2307 2343 9
 2308 2333 7
 2309 2314 1
 2309 2318 2
 2310 2314 1
 2310 2315 1
 2311 2315 1
 2311 2327 5
 2312 2316 1
 2312 2338 7
 2313 2317 1
 2313 2350 9
 2314 2319 1
 2315 2319 1
 2315 2330 5
 2316 2322 2
 2316 2342 7
 2317 2333 5
 2317 2357 9
 2318 2320 1
 2319 2324 2
 2319 2335 5
 2320 2323 1
 2321 2325 1
 2321 2328 2
 2322 2343 5
 2322 2356 7
 2323 2326 1
 2323 2329 2
 2324 2326 1
 2324 2345 5
 2325 2327 1
 2325 2331 2
 2326 2334 2
 2326 2352 5
 2327 2330 1
 2327 2336 2
 2328 2331 1
 2328 2332 1
 2329 2334 1
 2330 2335 1
 2330 2339 2
 2331 2336 1
 2331 2337 1
 2332 2337 1
 2332 2338 1
 2333 2351 3
 2334 2344 2
 2334 2362 5
 2335 2345 2
 2335 2346 2
 2336 2339 1
 2336 2340 1
 2337 2340 1
 2337 2341 1
 2338 2341 1
 2338 2342 1
 2339 2346 1
 2339 2347 1
 2340 2347 1
 2340 2348 1
 2341 2348 1
 2341 2349 1
 2342 2349 1
 2342 2356 2
 2343 2350 1
 2343 2374 7
 2344 2369 5
 2345 2352 1
 2345 2358 2
 2346 2353 1
 2346 2358 2
 2347 2353 1
 2347 2354 1
 2348 2354 1
 2348 2355 1
 2349 2355 1
 2349 2361 2
 2350 2357 1
 2350 2379 7
 2351 2375 6
 2352 2362 2
 2352 2363 2
 2353 2359 1
 2353 2364 2
 2354 2359 1
 2354 2360 1
 2355 2360 1
 2355 2366 2
 2356 2361 1
 2356 2374 5
 2357 2375 5
 2357 2385 7
 2358 2363 1
 2358 2364 1
 2359 2365 1
 2359 2367 2
 2360 2365 1
 2360 2368 2
 2361 2366 1
 2361 2378 5
 2362 2369 2
 2362 2370 2
 2363 2370 2
 2364 2367 1
 2365 2371 2
 2365 2372 2
 2366 2368 1
 2366 2383 5
 2367 2371 1
 2368 2372 1
 2368 2387 5
 2369 2376 2
 2370 2376 2
 2371 2373 1
 2371 2377 2
 2372 2377 2
 2372 2392 5
 2373 2381 2
 2373 2382 2
 2374 2378 1
 2374 2379 1
 2375 2401 7
 2376 2380 1
 2377 2382 1
 2377 2398 5
 2378 2383 1
 2378 2384 1
 2379 2384 1
 2379 2385 1
 2380 2386 1
 2381 2390 2
 2381 2391 2
 2382 2391 2
 2382 2400 5
 2383 2387 1
 2383 2388 1
 2384 2388 1
 2384 2389 1
 2385 2389 1
 2385 2401 5
 2386 2390 1
 2387 2392 1
 2387 2393 1
 2388 2393 1
 2388 2394 1
 2389 2394 1
 2389 2404 5
 2390 2397 2
 2391 2397 2
 2391 2406 5
 2392 2395 1
 2392 2398 2
 2393 2395 1
 2393 2396 1
 2394 2396 1
 2394 2408 5
 2395 2399 1
 2396 2399 1
 2396 2411 5
 2397 2413 5
 2398 2400 1
 2399 2403 2
 2399 2414 5
 2400 2402 1
 2400 2406 2
 2401 2404 1
 2401 2405 1
 2402 2407 1
 2402 2410 2
 2403 2407 1
 2403 2418 5
 2404 2408 1
 2404 2409 1
 2405 2409 1
 2405 2417 4
 2406 2410 1
 2406 2413 2
 2408 2411 1
 2408 2412 1
 2409 2412 1
 2411 2414 1
 2411 2415 1
 2412 2415 1
 2414 2416 1
 2414 2418 2
 2415 2416 1
 2416 2419 4
 2420 2421 1
 2421 2422 1
 1 2423 1000000
 2 2423 1000000
 3 2423 1000000
 4 2423 1000000
 5 2423 1000000
 6 2424 1000000
 7 2424 1000000
 8 2424 1000000
 9 2424 1000000
 10 2424 1000000
 11 2425 1000000
 12 2425 1000000
 13 2425 1000000
 14 2425 1000000
 15 2425 1000000
 16 2425 1000000
 17 2425 1000000
 18 2425 1000000
 19 2426 1000000
 20 2426 1000000
 21 2426 1000000
 22 2426 1000000
 23 2427 1000000
 24 2427 1000000
 25 2427 1000000
 26 2427 1000000
 27 2427 1000000
 28 2428 1000000
 29 2428 1000000
 30 2428 1000000
 31 2428 1000000
 32 2428 1000000
 33 2429 1000000
 34 2429 1000000
 35 2429 1000000
 36 2429 1000000
 37 2430 1000000
 38 2430 1000000
 39 2431 1000000
 40 2431 1000000
 41 2432 1000000
 42 2432 1000000
 43 2433 1000000
 44 2433 1000000
 45 2433 1000000
 46 2433 1000000
 47 2434 1000000
 48 2434 1000000
 49 2434 1000000
 50 2435 1000000
 51 2435 1000000
 52 2435 1000000
 53 2435 1000000
 54 2436 1000000
 55 2436 1000000
 56 2436 1000000
 57 2436 1000000
 58 2436 1000000
 59 2437 1000000
 60 2437 1000000
 61 2437 1000000
 62 2437 1000000
 63 2437 1000000
 64 2437 1000000
 65 2437 1000000
 66 2437 1000000
 67 2438 1000000
 68 2438 1000000
 69 2438 1000000
 70 2438 1000000
 71 2438 1000000
 72 2439 1000000
 73 2439 1000000
 74 2439 1000000
 75 2439 1000000
 76 2439 1000000
 77 2440 1000000
 78 2440 1000000
 79 2440 1000000
 80 2440 1000000
 81 2441 1000000
 82 2441 1000000
 83 2441 1000000
 84 2441 1000000
 85 2442 1000000
 86 2442 1000000
 87 2443 1000000
 88 2443 1000000
 89 2443 1000000
 90 2443 1000000
 91 2444 1000000
 92 2444 1000000
 93 2445 1000000
 94 2445 1000000
 95 2446 1000000
 96 2446 1000000
 97 2446 1000000
 98 2446 1000000
 99 2447 1000000
 100 2447 1000000
 101 2447 1000000
 102 2447 1000000
 103 2448 1000000
 104 2448 1000000
 105 2449 1000000
 106 2449 1000000
 107 2450 1000000
 108 2450 1000000
 109 2451 1000000
 110 2451 1000000
 111 2452 1000000
 112 2452 1000000
 113 2453 1000000
 114 2453 1000000
 115 2454 1000000
 116 2454 1000000
 117 2454 1000000
 118 2454 1000000
 119 2455 1000000
 120 2455 1000000
 121 2456 1000000
 122 2456 1000000
 123 2457 1000000
 124 2457 1000000
 125 2458 1000000
 126 2458 1000000
 127 2458 1000000
 128 2459 1000000
 129 2459 1000000
 130 2460 1000000
 131 2460 1000000
 132 2460 1000000
 133 2461 1000000
 134 2461 1000000
 135 2462 1000000
 136 2462 1000000
 137 2462 1000000
 138 2463 1000000
 139 2463 1000000
 140 2464 1000000
 141 2464 1000000
 142 2464 1000000
 143 2465 1000000
 144 2465 1000000
 145 2466 1000000
 146 2466 1000000
 147 2467 1000000
 148 2467 1000000
 149 2468 1000000
 150 2468 1000000
 151 2469 1000000
 152 2469 1000000
 153 2470 1000000
 154 2470 1000000
 155 2470 1000000
 156 2470 1000000
 157 2471 1000000
 158 2472 1000000
 159 2472 1000000
 160 2472 1000000
 161 2472 1000000
 162 2472 1000000
 163 2472 1000000
 164 2473 1000000
 165 2473 1000000
 166 2473 1000000
 167 2473 1000000
 168 2473 1000000
 169 2473 1000000
 170 2473 1000000
 171 2473 1000000
 172 2474 1000000
 173 2474 1000000
 174 2474 1000000
 175 2474 1000000
 176 2474 1000000
 177 2475 1000000
 178 2475 1000000
 179 2475 1000000
 180 2475 1000000
 181 2476 1000000
 182 2476 1000000
 183 2476 1000000
 184 2476 1000000
 185 2477 1000000
 186 2478 1000000
 187 2479 1000000
 188 2480 1000000
 189 2480 1000000
 190 2480 1000000
 191 2480 1000000
 192 2481 1000000
 193 2481 1000000
 194 2481 1000000
 195 2481 1000000
 196 2481 1000000
 197 2482 1000000
 198 2482 1000000
 199 2483 1000000
 200 2483 1000000
 201 2483 1000000
 202 2483 1000000
 203 2484 1000000
 204 2484 1000000
 205 2484 1000000
 206 2484 1000000
 207 2485 1000000
 208 2485 1000000
 209 2485 1000000
 210 2485 1000000
 211 2485 1000000
 212 2485 1000000
 213 2486 1000000
 214 2486 1000000
 215 2486 1000000
 216 2486 1000000
 217 2487 1000000
 218 2487 1000000
 219 2487 1000000
 220 2487 1000000
 221 2488 1000000
 222 2488 1000000
 223 2488 1000000
 224 2488 1000000
 225 2489 1000000
 226 2489 1000000
 227 2489 1000000
 228 2489 1000000
 229 2490 1000000
 230 2490 1000000
 231 2490 1000000
 232 2490 1000000
 233 2491 1000000
 234 2491 1000000
 235 2492 1000000
 236 2492 1000000
 237 2493 1000000
 238 2493 1000000
 239 2493 1000000
 240 2493 1000000
 241 2494 1000000
 242 2494 1000000
 243 2494 1000000
 244 2494 1000000
 245 2495 1000000
 246 2496 1000000
 247 2497 1000000
 248 2498 1000000
 249 2499 1000000
 250 2500 1000000
 251 2500 1000000
 252 2500 1000000
 253 2500 1000000
 254 2500 1000000
 255 2501 1000000
 256 2501 1000000
 257 2501 1000000
 258 2501 1000000
 259 2502 1000000
 260 2502 1000000
 261 2503 1000000
 262 2503 1000000
 263 2503 1000000
 264 2503 1000000
 265 2504 1000000
 266 2504 1000000
 267 2504 1000000
 268 2504 1000000
 269 2505 1000000
 270 2505 1000000
 271 2505 1000000
 272 2505 1000000
 273 2505 1000000
 274 2505 1000000
 275 2505 1000000
 276 2505 1000000
 277 2506 1000000
 278 2506 1000000
 279 2506 1000000
 280 2506 1000000
 281 2507 1000000
 282 2507 1000000
 283 2507 1000000
 284 2507 1000000
 285 2507 1000000
 286 2508 1000000
 287 2509 1000000
 288 2510 1000000
 289 2511 1000000
 290 2512 1000000
 291 2512 1000000
 292 2513 1000000
 293 2513 1000000
 294 2513 1000000
 295 2513 1000000
 296 2514 1000000
 297 2514 1000000
 298 2514 1000000
 299 2514 1000000
 300 2514 1000000
 301 2514 1000000
 302 2515 1000000
 303 2515 1000000
 304 2516 1000000
 305 2516 1000000
 306 2517 1000000
 307 2517 1000000
 308 2518 1000000
 309 2423 1000000
 310 2425 1000000
 311 2425 1000000
 312 2425 1000000
 313 2425 1000000
 314 2426 1000000
 315 2426 1000000
 316 2426 1000000
 317 2426 1000000
 318 2426 1000000
 319 2426 1000000
 320 2426 1000000
 321 2426 1000000
 322 2427 1000000
 323 2427 1000000
 324 2427 1000000
 325 2427 1000000
 326 2427 1000000
 327 2427 1000000
 328 2427 1000000
 329 2429 1000000
 330 2433 1000000
 331 2434 1000000
 332 2437 1000000
 333 2437 1000000
 334 2437 1000000
 335 2437 1000000
 336 2438 1000000
 337 2438 1000000
 338 2438 1000000
 339 2438 1000000
 340 2438 1000000
 341 2438 1000000
 342 2438 1000000
 343 2439 1000000
 344 2440 1000000
 345 2441 1000000
 346 2446 1000000
 347 2446 1000000
 348 2446 1000000
 349 2446 1000000
 350 2446 1000000
 351 2446 1000000
 352 2446 1000000
 353 2446 1000000
 354 2473 1000000
 355 2473 1000000
 356 2473 1000000
 357 2473 1000000
 358 2473 1000000
 359 2473 1000000
 360 2474 1000000
 361 2474 1000000
 362 2474 1000000
 363 2474 1000000
 364 2474 1000000
 365 2474 1000000
 366 2474 1000000
 367 2476 1000000
 368 2476 1000000
 369 2476 1000000
 370 2476 1000000
 371 2476 1000000
 372 2476 1000000
 373 2476 1000000
 374 2485 1000000
 375 2488 1000000
 376 2489 1000000
 377 2494 1000000
 378 2505 1000000
 379 2505 1000000
 380 2505 1000000
 381 2505 1000000
 382 2505 1000000
 383 2505 1000000
 384 2506 1000000
 385 2506 1000000
 386 2506 1000000
 387 2506 1000000
 388 2506 1000000
 389 2506 1000000
 390 2507 1000000
 391 2507 1000000
 392 2507 1000000
 393 2507 1000000
 394 2507 1000000
 395 2507 1000000
 396 2507 1000000

96

  2423
  2424
  2425
  2426
  2427
  2428
  2429
  2430
  2431
  2432
  2433
  2434
  2435
  2436
  2437
  2438
  2439
  2440
  2441
  2442
  2443
  2444
  2445
  2446
  2447
  2448
  2449
  2450
  2451
  2452
  2453
  2454
  2455
  2456
  2457
  2458
  2459
  2460
  2461
  2462
  2463
  2464
  2465
  2466
  2467
  2468
  2469
  2470
  2471
  2472
  2473
  2474
  2475
  2476
  2477
  2478
  2479
  2480
  2481
  2482
  2483
  2484
  2485
  2486
  2487
  2488
  2489
  2490
  2491
  2492
  2493
  2494
  2495
  2496
  2497
  2498
  2499
  2500
  2501
  2502
  2503
  2504
  2505
  2506
  2507
  2508
  2509
  2510
  2511
  2512
  2513
  2514
  2515
  2516
  2517
  2518
  
  
 96

  2423
  2424
  2425
  2426
  2427
  2428
  2429
  2430
  2431
  2432
  2433
  2434
  2435
  2436
  2437
  2438
  2439
  2440
  2441
  2442
  2443
  2444
  2445
  2446
  2447
  2448
  2449
  2450
  2451
  2452
  2453
  2454
  2455
  2456
  2457
  2458
  2459
  2460
  2461
  2462
  2463
  2464
  2465
  2466
  2467
  2468
  2469
  2470
  2471
  2472
  2473
  2474
  2475
  2476
  2477
  2478
  2479
  2480
  2481
  2482
  2483
  2484
  2485
  2486
  2487
  2488
  2489
  2490
  2491
  2492
  2493
  2494
  2495
  2496
  2497
  2498
  2499
  2500
  2501
  2502
  2503
  2504
  2505
  2506
  2507
  2508
  2509
  2510
  2511
  2512
  2513
  2514
  2515
  2516
  2517
  2518

