2265 4545
   1 34 7
   1 2158 1
   1 2160 1
   1 2161 6
   2 2069 74
   2 2161 5
   3 2061 73
   3 2158 6
   3 2161 1
   4 2160 6
   4 2161 1
   5 19 4
   5 1986 1
   5 1998 1
   5 2018 6
   6 2018 5
   6 2068 9
   7 1986 6
   7 2018 1
   8 1998 6
   8 2018 1
   8 2052 6
   9 1862 1
   9 1863 1
   9 1879 1
   9 1886 2
   10 1879 2
   10 1886 1
   10 1902 1
   10 1926 3
   11 1924 1
   11 1925 1
   11 1948 1
   11 1963 3
   12 1984 3
   12 1993 2
   12 2017 4
   12 2023 5
   13 1879 3
   13 1887 2
   13 1915 1
   13 1926 2
   14 1948 3
   14 1963 1
   14 1974 1
   14 1979 2
   15 45 1
   15 1798 1
   15 1799 1
   16 46 1
   16 1833 1
   16 1862 4
   17 18 1
   17 1787 17
   17 1895 3
   18 1904 3
   18 1952 1
   19 20 1
   19 1951 3
   19 1964 1
   20 1960 3
   20 1981 1
   20 1998 4
   21 47 1
   21 318 1
   21 1734 15
   21 1813 1
   22 48 1
   22 324 1
   22 1872 4
   22 1915 1
   23 45 1
   23 1711 15
   23 1786 1
   24 46 1
   24 1804 1
   24 1819 1
   25 1929 3
   25 1952 1
   25 1964 1
   26 47 1
   26 325 1
   26 1743 15
   26 1857 2
   27 48 1
   27 332 1
   27 1938 1
   27 1950 2
   28 333 1
   28 1585 2
   28 1591 1
   28 1603 1
   29 333 1
   29 1356 39
   29 1613 1
   29 1718 32
   30 1656 3
   30 1787 32
   31 51 1
   31 1598 5
   31 1629 1
   32 39 2
   32 1613 5
   32 1633 1
   32 1646 3
   33 2149 1
   33 2150 1
   33 2152 1
   33 2153 5
   34 2153 6
   34 2155 1
   34 2156 1
   35 44 61
   35 2150 5
   35 2153 1
   35 2155 6
   36 2152 5
   36 2153 1
   36 2156 6
   37 1371 40
   37 1624 1
   37 1645 5
   37 1722 29
   38 1655 3
   38 1662 1
   38 1769 29
   39 1624 5
   39 1645 1
   39 1653 3
   40 1365 47
   40 1645 1
   40 1659 3
   40 1739 28
   41 1957 6
   41 1973 3
   41 1995 1
   41 2001 2
   42 2000 2
   42 2004 1
   42 2012 1
   42 2147 61
   43 334 1
   43 2002 6
   43 2015 2
   43 2042 3
   44 334 1
   44 2028 2
   44 2059 6
   45 1792 1
   46 1826 1
   47 1739 15
   47 1837 1
   48 342 1
   48 1927 1
   49 1314 37
   49 1579 2
   50 1579 2
   50 1591 1
   50 1592 1
   51 1592 5
   52 53 1
   52 1957 2
   52 1989 4
   52 2001 6
   53 54 1
   53 1946 2
   53 1969 1
   54 58 5
   54 1947 1
   54 1979 4
   55 343 1
   55 345 1
   55 1768 1
   55 1791 3
   56 343 1
   56 1779 1
   56 1790 1
   56 1803 3
   57 1877 1
   57 1878 1
   57 1892 1
   57 1913 3
   58 1891 1
   58 1892 1
   58 1912 1
   59 1785 6
   59 1818 1
   59 1832 1
   59 1870 5
   60 1803 6
   60 1844 1
   60 1861 1
   60 1891 5
   61 2133 3
   61 2135 1
   61 2137 1
   61 2139 6
   62 2139 5
   62 2141 1
   62 2143 1
   62 2145 4
   63 1945 61
   63 2135 6
   63 2139 1
   63 2141 5
   64 2137 6
   64 2139 1
   64 2143 5
   65 85 5
   65 2165 1
   65 2166 2
   65 2167 6
   66 67 9
   66 2132 71
   67 2165 6
   67 2167 1
   68 2166 6
   68 2167 2
   69 344 1
   69 1686 5
   69 1697 1
   69 1700 1
   70 344 1
   70 1692 5
   70 1709 1
   70 1710 1
   71 345 1
   71 1747 3
   71 1755 1
   71 1768 1
   72 343 1
   72 345 1
   72 1754 3
   72 1779 1
   73 1697 6
   73 1724 1
   73 1755 9
   74 1710 5
   74 1727 1
   74 1733 1
   74 1754 6
   75 2099 1
   75 2100 1
   75 2107 1
   75 2110 5
   76 2110 6
   76 2119 1
   76 2125 1
   76 2129 3
   77 1783 61
   77 2100 5
   77 2110 1
   77 2119 6
   78 2107 5
   78 2110 1
   78 2125 6
   79 82 6
   79 1328 1
   79 1341 1
   79 1347 2
   80 1323 2
   80 1329 1
   80 1342 1
   80 1582 37
   81 346 1
   81 1218 10
   81 1286 1
   81 1323 6
   82 346 1
   82 1239 10
   82 1302 1
   83 84 1
   83 86 9
   83 99 1
   83 2095 53
   84 100 1
   84 2159 2
   84 2162 9
   85 2162 6
   85 2163 1
   85 2164 2
   86 2162 1
   86 2163 6
   87 2159 9
   87 2162 2
   87 2164 6
   88 347 1
   88 1661 4
   88 1672 1
   88 1681 3
   89 347 1
   89 1668 4
   89 1680 1
   89 1685 3
   90 348 1
   90 1714 1
   90 1715 1
   90 1736 5
   91 348 1
   91 1723 1
   91 1729 1
   91 1745 5
   92 1677 7
   92 1679 6
   92 1696 1
   92 1708 5
   93 1685 6
   93 1699 1
   93 1703 1
   93 1723 5
   94 2038 3
   94 2047 1
   94 2055 1
   94 2066 6
   95 2066 5
   95 2071 1
   95 2079 1
   95 2080 1
   96 1703 61
   96 2047 6
   96 2066 1
   96 2071 5
   97 2055 6
   97 2066 1
   97 2079 5
   98 2148 1
   98 2154 6
   99 100 1
   99 101 9
   99 2091 53
   100 2154 9
   100 2157 2
   101 2065 53
   101 2148 6
   101 2154 1
   102 2154 2
   102 2157 9
   103 104 2
   103 1098 6
   104 107 6
   104 1066 1
   105 107 9
   105 1195 1
   106 1098 1
   107 1098 2
   107 1129 1
   108 1955 1
   108 1956 1
   108 1967 1
   108 1988 5
   109 1988 6
   109 2011 1
   109 2020 1
   109 2032 3
   110 1652 61
   110 1956 5
   110 1988 1
   110 2011 6
   111 1967 5
   111 1988 1
   111 2020 6
   111 2060 16
   112 1572 7
   112 1596 1
   112 1605 1
   112 1611 2
   113 1610 2
   113 1617 1
   113 1627 1
   113 1628 1
   114 349 1
   114 1618 5
   114 1623 4
   114 1658 6
   115 349 1
   115 1628 5
   115 1649 1
   115 1665 6
   116 119 6
   116 1600 1
   116 1615 2
   116 1890 61
   117 1595 2
   117 1601 1
   117 1609 1
   117 1610 1
   118 350 1
   118 1538 6
   118 1569 1
   118 1595 6
   119 350 1
   119 1553 6
   119 1841 61
   120 1004 2
   120 1014 1
   120 1039 1
   120 1040 1
   121 1015 1
   121 1051 2
   121 1066 3
   122 123 2
   122 995 5
   123 160 1
   123 1014 5
   124 125 1
   124 1224 16
   124 1321 1
   124 1346 3
   125 1234 16
   125 1339 1
   125 1354 3
   126 127 1
   126 1267 16
   126 1353 1
   126 1374 3
   127 1273 16
   127 1369 1
   127 1377 3
   128 132 1
   128 1419 1
   128 1435 1
   129 133 1
   129 1460 1
   129 1552 9
   130 134 1
   130 351 1
   130 1247 22
   130 1378 1
   131 135 1
   131 357 1
   131 1450 1
   131 1451 1
   132 137 1
   132 1413 1
   132 1507 10
   133 138 1
   133 1453 1
   134 139 1
   134 1235 22
   134 1375 1
   135 140 1
   135 365 1
   135 1440 1
   136 1255 16
   136 1339 1
   136 1353 1
   136 1364 3
   137 1128 43
   137 1405 1
   137 1445 4
   138 1443 1
   138 1444 1
   139 366 1
   139 1225 22
   139 1333 5
   140 373 1
   140 1389 5
   140 1431 1
   141 142 1
   141 173 1
   141 2097 10
   141 2121 2
   142 174 1
   142 2122 2
   142 2123 2
   143 2136 6
   143 2138 1
   143 2140 2
   144 2117 10
   144 2124 6
   144 2136 1
   144 2138 6
   145 2131 6
   145 2136 2
   145 2140 6
   146 1941 2
   146 1954 1
   146 1966 1
   146 2098 35
   147 149 1
   147 1999 6
   147 2035 2
   147 2138 47
   148 150 1
   148 1954 1
   148 1966 1
   148 1994 6
   149 151 1
   149 1994 6
   149 2030 2
   150 1875 8
   150 1942 1
   150 1987 6
   151 1976 8
   151 1987 6
   151 2026 2
   152 153 1
   152 1556 4
   152 1577 2
   152 1588 5
   153 154 1
   153 1566 1
   153 1584 5
   154 1562 1
   154 1563 1
   154 1581 5
   155 162 2
   155 1320 10
   155 1373 1
   155 1398 3
   156 374 1
   156 628 36
   156 933 3
   157 374 1
   157 644 36
   157 941 2
   157 950 3
   158 375 1
   158 1038 1
   158 1039 1
   158 1064 1
   159 375 1
   159 1063 1
   159 1085 1
   159 1096 2
   160 621 45
   160 985 1
   160 986 1
   161 170 2
   161 950 6
   161 993 1
   161 1013 1
   162 1332 10
   162 1397 1
   162 1410 3
   163 1359 10
   163 1409 1
   163 1422 1
   163 1439 3
   164 1476 3
   164 1487 2
   164 1517 1
   164 1518 1
   165 1516 3
   165 1534 1
   165 1550 1
   165 1551 1
   166 1450 1
   166 1451 1
   166 1476 2
   166 1487 3
   167 1515 1
   167 1516 1
   167 1533 1
   167 1550 3
   168 949 3
   168 969 1
   168 984 1
   168 1025 5
   169 1048 4
   169 1084 1
   169 1106 1
   169 1107 1
   170 969 6
   170 1036 1
   170 1037 1
   171 1035 1
   171 1036 1
   171 1062 1
   171 1216 19
   172 2072 1
   172 2101 6
   173 174 1
   173 2093 10
   173 2112 2
   174 2114 2
   174 2120 2
   175 2067 10
   175 2072 6
   175 2101 1
   175 2109 6
   176 2101 2
   176 2116 6
   177 189 5
   177 378 1
   177 1351 2
   177 1396 6
   178 182 6
   178 378 1
   178 1345 5
   178 1376 1
   179 1396 9
   179 1455 1
   179 1471 1
   179 1472 1
   180 182 9
   180 1471 1
   180 1492 1
   180 1493 1
   181 190 11
   181 1381 1
   181 1396 1
   181 1428 6
   182 1402 1
   182 1414 1
   183 185 1
   183 1763 6
   183 1848 6
   183 2044 35
   184 1897 1
   184 1898 1
   184 1930 2
   184 2077 35
   185 187 1
   185 1756 6
   185 1838 6
   186 188 1
   186 1838 6
   186 1897 1
   186 1898 1
   187 1744 8
   187 1751 6
   187 1829 6
   188 1814 8
   188 1829 6
   188 1889 1
   189 190 1
   189 1327 1
   189 1337 1
   190 191 1
   190 1232 15
   191 1221 15
   191 1308 1
   191 1351 5
   192 193 1
   192 839 15
   192 1170 21
   192 1186 24
   193 194 1
   193 832 15
   193 1162 21
   194 823 15
   194 926 2
   194 1151 21
   195 198 2
   195 202 11
   195 692 9
   195 707 7
   196 1407 50
   196 1408 50
   196 1674 3
   196 1682 1
   196 1770 24
   197 1537 48
   197 1682 12
   197 1725 1
   197 1751 8
   198 220 9
   198 773 1
   198 852 11
   199 384 9
   199 790 1
   199 806 1
   199 881 11
   200 852 3
   200 859 2
   200 882 1
   200 883 1
   201 881 3
   201 901 1
   201 917 1
   201 918 1
   202 852 2
   202 859 3
   203 806 11
   203 881 1
   203 917 3
   203 1169 29
   204 205 2
   204 1270 6
   204 1296 1
   204 1304 1
   205 1283 6
   205 1316 1
   205 1317 1
   206 1343 8
   206 1372 3
   206 1394 1
   206 1401 2
   207 1294 7
   207 1299 5
   207 1334 1
   207 1367 6
   208 1325 5
   208 1349 1
   208 1386 6
   208 1643 47
   209 211 1
   209 232 6
   209 1905 12
   210 1905 1
   210 1906 1
   210 1965 5
   211 212 12
   211 213 1
   211 1762 6
   212 214 1
   212 1905 1
   212 1906 1
   213 214 12
   213 1660 35
   213 1705 18
   214 1693 35
   214 1896 1
   215 1121 1
   215 1122 1
   215 1139 1
   215 1175 5
   216 1175 6
   216 1206 1
   216 1219 1
   216 1242 3
   217 1122 5
   217 1160 1
   217 1175 1
   217 1206 6
   218 1139 5
   218 1175 1
   218 1184 1
   218 1219 6
   219 222 1
   219 577 20
   219 661 1
   219 662 1
   220 223 1
   220 382 1
   220 692 2
   221 224 1
   221 385 1
   221 805 8
   221 968 28
   222 225 1
   222 573 20
   222 652 1
   223 226 1
   223 682 2
   223 706 1
   224 227 1
   224 389 1
   224 958 28
   225 570 20
   225 620 2
   225 643 1
   226 390 1
   226 643 5
   226 672 2
   227 394 1
   227 699 5
   227 948 28
   228 229 1
   228 871 6
   228 931 1
   228 932 1
   229 230 1
   229 910 1
   229 925 1
   230 699 28
   230 900 1
   230 948 5
   231 264 5
   231 1705 1
   231 1719 1
   231 1762 12
   232 1719 12
   232 1762 1
   233 1067 4
   233 1099 1
   233 1120 1
   233 1166 6
   234 1166 5
   234 1189 1
   234 1204 1
   234 1250 6
   235 1054 10
   235 1099 6
   235 1166 1
   235 1189 5
   236 1120 6
   236 1166 1
   236 1204 5
   236 1570 58
   237 711 1
   237 712 1
   237 721 1
   237 728 2
   238 721 2
   238 728 1
   238 741 1
   238 757 3
   239 755 1
   239 756 1
   239 767 1
   239 785 3
   240 819 3
   240 829 2
   240 849 1
   240 869 4
   241 848 3
   241 864 1
   241 877 1
   241 907 4
   242 721 3
   242 735 1
   242 749 1
   242 757 2
   243 767 3
   243 785 1
   243 800 1
   243 801 1
   244 273 1
   244 619 2
   244 640 1
   244 641 1
   245 274 1
   245 657 2
   245 686 1
   245 711 4
   246 247 1
   246 736 3
   246 751 1
   246 838 10
   247 742 3
   247 771 1
   247 845 10
   248 249 1
   248 770 3
   248 789 1
   248 870 10
   249 780 3
   249 820 2
   249 879 10
   250 275 1
   250 398 1
   250 560 28
   250 660 1
   251 276 1
   251 729 2
   251 735 1
   251 749 1
   252 273 1
   252 531 28
   252 611 2
   252 626 1
   253 274 1
   253 639 2
   253 649 1
   253 667 1
   254 759 3
   254 771 1
   254 789 1
   254 858 10
   255 275 1
   255 402 1
   255 564 29
   255 726 5
   256 276 1
   256 408 2
   256 765 1
   256 796 5
   257 447 1
   257 448 1
   257 457 1
   257 458 1
   258 456 1
   258 457 1
   258 465 1
   258 469 2
   259 409 1
   259 497 3
   259 653 37
   260 409 1
   260 507 3
   260 526 1
   260 673 37
   261 280 1
   261 470 1
   261 479 1
   261 644 46
   262 271 2
   262 482 1
   262 483 1
   262 507 6
   263 299 7
   263 1663 1
   263 1698 12
   264 1489 46
   264 1663 12
   264 1698 1
   265 919 1
   265 920 1
   265 934 1
   265 970 5
   266 970 6
   266 1018 1
   266 1041 1
   266 1042 1
   267 874 10
   267 920 5
   267 970 1
   267 971 1
   268 960 2
   268 970 1
   268 1041 6
   268 1420 58
   269 473 1
   269 474 1
   269 481 1
   269 490 4
   270 496 5
   270 518 1
   270 525 1
   270 536 3
   271 487 1
   271 493 1
   271 494 1
   272 492 1
   272 493 1
   272 500 1
   272 541 9
   273 615 2
   273 633 1
   274 648 2
   274 677 1
   275 410 1
   275 563 28
   276 416 2
   276 758 1
   277 429 1
   277 430 1
   278 437 1
   278 438 1
   278 448 1
   278 449 1
   279 417 1
   279 439 5
   279 621 46
   280 417 1
   280 449 5
   280 635 46
   281 282 1
   281 287 3
   281 798 1
   281 799 1
   282 283 1
   282 762 3
   282 792 1
   283 754 3
   283 763 2
   283 784 1
   284 285 1
   284 434 6
   286 760 1
   286 761 1
   286 783 2
   286 867 13
   287 753 2
   287 762 1
   287 775 1
   288 418 1
   288 664 6
   288 708 1
   288 745 5
   289 302 13
   289 418 1
   289 685 6
   289 760 5
   290 293 6
   290 676 2
   290 703 1
   290 710 2
   291 666 3
   291 676 2
   291 710 2
   291 711 2
   292 293 2
   292 568 19
   292 608 4
   292 676 6
   293 607 6
   293 656 2
   294 419 1
   294 423 6
   294 427 1
   294 435 2
   295 297 6
   295 419 1
   295 444 2
   295 445 2
   296 423 1
   296 427 6
   297 424 1
   297 425 2
   298 1287 46
   298 1639 12
   299 1639 1
   300 737 6
   300 774 1
   300 791 1
   300 833 6
   301 833 5
   301 860 1
   301 872 1
   301 873 1
   302 774 6
   302 833 1
   302 860 5
   303 791 6
   303 833 1
   303 872 5
   303 1315 58
   304 1154 1
   304 1196 5
   305 1154 12
   305 1155 12
   305 1258 1
   305 1281 5
   306 421 2
   306 571 53
   307 309 6
   307 422 1
   307 551 42
   308 420 1
   308 421 6
   308 471 19
   309 420 1
   309 480 19
   309 568 42
   310 311 1
   310 578 2
   310 587 1
   310 588 1
   311 312 1
   311 574 2
   311 584 1
   312 559 7
   312 571 2
   312 595 6
   313 951 12
   314 951 1
   314 1016 6
   315 1659 28
   315 1743 2
   315 1769 3
   315 1857 15
   316 317 2
   316 1902 3
   316 1926 1
   316 1992 8
   317 1925 3
   317 1963 1
   317 1970 2
   318 1821 1
   318 1836 1
   318 1837 1
   319 320 1
   319 336 1
   319 1835 1
   319 1836 1
   320 321 1
   320 337 1
   320 1847 1
   321 322 1
   321 338 1
   321 1856 1
   322 339 1
   322 1865 1
   322 1881 1
   323 324 1
   323 341 1
   323 1880 1
   323 1881 1
   324 342 1
   324 1887 1
   325 326 1
   325 1837 1
   325 1866 2
   326 327 1
   326 335 1
   326 1874 2
   327 328 1
   327 336 1
   327 1883 2
   328 337 1
   328 1882 1
   328 1888 2
   329 330 1
   329 339 1
   329 1882 1
   329 1903 2
   330 331 1
   330 340 1
   330 1916 2
   331 332 1
   331 341 1
   331 1928 2
   332 342 1
   332 1939 2
   333 1590 2
   333 1607 1
   334 2021 2
   334 2048 3
   335 336 1
   335 1836 1
   335 1837 1
   336 337 1
   337 338 1
   338 339 1
   338 1882 1
   339 340 1
   340 341 1
   340 1881 1
   341 342 1
   343 1797 3
   344 1689 5
   344 1704 1
   345 1750 3
   346 1229 10
   346 1328 6
   347 1665 4
   347 1683 3
   348 1720 1
   348 1740 5
   349 1622 5
   349 1661 6
   350 1545 6
   350 1600 6
   351 1375 1
   351 1383 1
   351 1384 1
   352 353 1
   352 359 1
   352 1383 1
   352 1399 1
   353 354 1
   353 360 1
   353 1403 1
   354 355 1
   354 361 1
   354 1411 1
   355 362 1
   355 1416 1
   355 1417 1
   356 357 1
   356 364 1
   356 1416 1
   356 1432 1
   357 365 1
   357 1441 1
   358 359 1
   358 367 1
   358 1375 1
   358 1383 1
   359 360 1
   359 368 1
   360 361 1
   360 369 1
   361 362 1
   361 1390 1
   362 363 1
   362 370 1
   363 364 1
   363 371 1
   363 1416 1
   364 365 1
   364 372 1
   365 373 1
   366 367 1
   366 1340 5
   366 1375 1
   367 368 1
   367 1346 5
   368 369 1
   368 1354 5
   369 1360 5
   369 1390 1
   370 371 1
   370 1370 5
   370 1390 1
   371 372 1
   371 1374 5
   372 373 1
   372 1377 5
   373 1382 5
   374 635 36
   374 942 3
   375 1049 1
   375 1075 1
   376 377 2
   376 1475 1
   376 1476 1
   376 1517 3
   377 1497 1
   377 1516 1
   377 1534 3
   378 1337 5
   378 1402 6
   379 380 1
   379 773 11
   379 852 1
   379 882 3
   380 381 1
   380 782 11
   380 891 3
   381 790 11
   381 881 1
   381 901 3
   382 706 1
   382 718 1
   382 773 9
   383 384 1
   383 387 1
   383 718 1
   383 790 9
   384 385 1
   384 388 1
   385 389 1
   385 797 8
   386 387 1
   386 391 1
   386 706 1
   386 718 1
   387 388 1
   387 392 1
   388 389 1
   388 393 1
   389 394 1
   390 391 1
   390 652 5
   390 706 1
   391 392 1
   391 662 5
   392 393 1
   392 671 5
   393 394 1
   393 681 5
   394 691 5
   395 396 1
   395 741 3
   395 757 1
   395 768 1
   396 397 1
   396 748 3
   396 777 1
   397 756 3
   397 785 1
   397 786 1
   398 410 1
   398 669 1
   398 689 1
   399 400 1
   399 413 1
   399 697 1
   399 698 1
   400 401 1
   400 414 1
   400 705 1
   401 713 1
   401 723 1
   401 724 1
   402 403 1
   402 410 1
   402 730 5
   403 404 1
   403 411 1
   403 736 5
   404 405 1
   404 412 1
   404 742 5
   405 413 1
   405 725 1
   405 750 5
   406 407 1
   406 724 1
   406 725 1
   406 766 5
   407 408 1
   407 415 1
   407 770 5
   408 416 1
   408 780 5
   409 501 3
   409 663 37
   410 411 1
   411 412 1
   411 689 1
   412 413 1
   412 698 1
   413 414 1
   414 724 1
   414 725 1
   415 416 1
   415 723 1
   415 724 1
   416 729 1
   417 443 5
   417 628 46
   418 674 6
   418 752 5
   419 424 6
   419 440 2
   420 422 6
   420 476 19
   421 422 1
   423 424 1
   425 426 1
   425 444 6
   426 428 1
   426 450 6
   427 431 2
   428 454 6
   428 466 9
   429 432 1
   429 433 1
   430 433 1
   430 434 1
   431 435 1
   431 436 1
   432 436 1
   432 437 1
   433 437 1
   433 438 1
   434 438 1
   434 439 1
   435 440 1
   435 441 1
   436 441 1
   436 442 1
   437 442 1
   438 443 1
   439 443 1
   440 445 1
   440 446 1
   441 446 1
   441 447 1
   442 447 1
   442 448 1
   443 449 1
   444 450 1
   444 455 2
   445 451 1
   445 455 2
   446 451 1
   446 452 1
   447 452 1
   448 453 1
   449 453 1
   450 454 1
   450 459 2
   451 456 1
   451 460 2
   452 456 1
   452 457 1
   453 458 1
   453 470 4
   454 462 2
   454 489 9
   455 459 1
   455 460 1
   456 464 2
   457 461 1
   458 461 1
   458 475 4
   459 462 1
   459 463 1
   460 463 1
   460 464 1
   461 465 1
   461 478 4
   462 467 1
   462 499 10
   463 467 1
   463 468 1
   464 468 1
   464 469 1
   465 474 2
   465 482 4
   466 471 1
   466 489 6
   467 472 1
   467 504 10
   468 472 1
   468 473 1
   469 473 1
   469 474 1
   470 475 1
   471 476 1
   471 491 6
   472 477 1
   472 505 9
   473 477 1
   474 487 4
   475 478 1
   475 479 1
   476 480 1
   476 495 6
   477 481 1
   477 512 9
   478 482 1
   478 483 1
   479 483 1
   479 497 6
   480 484 1
   480 498 6
   481 492 4
   481 506 7
   482 487 2
   483 485 1
   484 486 1
   484 502 6
   485 494 3
   485 501 5
   486 488 1
   486 508 6
   487 490 1
   488 513 6
   488 594 28
   489 491 1
   489 505 4
   490 492 1
   490 493 1
   491 495 1
   491 499 2
   492 535 9
   493 496 1
   494 496 1
   494 518 5
   495 498 1
   495 503 2
   496 500 1
   497 501 1
   498 502 1
   498 509 2
   499 503 1
   499 504 1
   500 525 5
   500 547 9
   501 507 1
   502 508 1
   502 522 4
   503 509 1
   503 510 1
   504 510 1
   504 511 1
   505 511 1
   505 512 1
   506 517 2
   506 558 11
   507 518 2
   508 513 1
   508 527 4
   509 514 1
   509 611 31
   510 514 1
   510 515 1
   511 515 1
   511 516 1
   512 516 1
   512 517 1
   513 531 4
   513 606 28
   514 519 1
   515 519 1
   515 520 1
   516 520 1
   516 521 1
   517 521 1
   517 535 4
   518 530 3
   519 522 1
   519 523 1
   520 523 1
   520 524 1
   521 524 1
   521 534 3
   522 527 1
   522 528 1
   523 528 1
   523 529 1
   524 529 1
   524 539 3
   525 542 3
   525 558 7
   526 530 1
   526 683 37
   527 531 1
   527 532 1
   528 532 1
   528 533 1
   529 533 1
   529 544 3
   530 536 1
   530 693 37
   531 537 1
   532 537 1
   532 538 1
   533 538 1
   533 552 4
   534 539 1
   534 540 1
   535 540 1
   535 541 1
   536 542 1
   536 700 37
   537 543 1
   537 626 28
   538 543 1
   538 555 4
   539 544 1
   539 545 1
   540 545 1
   540 546 1
   541 546 1
   541 547 1
   542 570 9
   542 620 27
   542 707 37
   543 560 4
   543 634 28
   544 548 1
   544 660 31
   545 548 1
   545 549 1
   546 549 1
   546 550 1
   547 550 1
   547 565 5
   548 552 1
   548 553 1
   549 553 1
   549 554 1
   550 554 1
   550 566 5
   551 559 2
   551 568 6
   552 555 1
   552 556 1
   553 556 1
   553 557 1
   554 557 1
   554 567 5
   555 560 1
   555 561 1
   556 561 1
   556 562 1
   557 562 1
   557 569 5
   558 565 2
   558 620 23
   559 575 6
   560 563 1
   561 563 1
   561 564 1
   562 564 1
   562 572 5
   563 580 6
   564 576 5
   565 566 1
   565 570 3
   566 567 1
   566 573 3
   567 569 1
   567 577 3
   568 575 2
   569 572 1
   569 581 3
   570 573 1
   571 574 1
   572 576 1
   572 583 3
   573 577 1
   574 578 1
   575 579 1
   575 607 13
   576 580 1
   576 586 3
   577 581 1
   578 951 66
   579 582 1
   579 703 25
   580 590 3
   580 726 28
   581 583 1
   581 661 20
   582 585 1
   582 613 13
   583 586 1
   583 670 20
   584 588 1
   584 597 5
   585 589 1
   585 617 13
   586 590 1
   586 680 20
   587 591 1
   587 592 1
   588 592 1
   588 599 5
   589 595 3
   589 623 13
   590 690 20
   590 743 28
   591 593 1
   591 629 13
   592 593 1
   592 601 5
   593 603 5
   593 637 13
   594 596 1
   594 606 6
   595 597 1
   595 647 13
   596 598 1
   596 609 6
   597 599 1
   597 612 7
   598 600 1
   598 610 6
   599 601 1
   599 616 7
   600 602 1
   600 614 6
   601 603 1
   601 622 7
   602 604 1
   602 618 6
   603 630 7
   603 684 13
   604 605 1
   604 624 6
   605 608 1
   605 631 6
   606 609 1
   606 611 2
   607 613 2
   608 638 6
   609 610 1
   609 615 2
   610 614 1
   610 619 2
   611 615 1
   612 616 1
   612 655 6
   613 617 1
   613 656 6
   614 618 1
   614 625 2
   615 619 1
   616 622 1
   616 664 6
   617 623 1
   617 665 6
   618 624 1
   618 632 2
   619 625 1
   620 627 1
   621 628 1
   622 630 1
   622 674 6
   623 647 3
   623 675 6
   624 631 1
   624 639 2
   625 632 1
   625 640 2
   626 633 1
   626 634 1
   627 643 2
   627 672 5
   628 635 1
   629 636 1
   629 637 1
   630 685 6
   630 731 13
   631 638 1
   631 648 2
   632 639 1
   632 649 2
   633 641 1
   633 642 1
   634 642 1
   634 660 3
   635 644 1
   636 645 1
   636 646 1
   637 646 1
   637 684 5
   638 657 2
   638 676 4
   639 648 1
   640 649 1
   640 650 1
   641 650 1
   641 651 1
   642 651 1
   642 669 3
   643 652 1
   644 653 1
   645 654 1
   645 1005 45
   646 654 1
   646 694 5
   647 655 1
   647 702 6
   648 657 1
   649 658 1
   650 658 1
   650 659 1
   651 659 1
   651 679 3
   652 662 1
   653 663 1
   654 701 5
   654 1017 45
   655 664 1
   655 708 6
   656 665 1
   656 709 6
   657 666 1
   658 667 1
   658 668 1
   659 668 1
   659 688 3
   660 669 1
   661 670 1
   661 671 1
   662 671 1
   663 673 1
   663 941 36
   664 674 1
   665 675 1
   665 714 6
   666 695 3
   667 677 1
   667 678 1
   668 678 1
   668 697 3
   669 679 1
   670 680 1
   670 681 1
   671 681 1
   672 682 1
   673 683 1
   673 949 36
   674 685 1
   675 702 3
   675 719 6
   677 686 1
   677 687 1
   678 687 1
   678 705 3
   679 688 1
   679 689 1
   680 690 1
   680 691 1
   681 691 1
   682 692 1
   683 693 1
   683 959 36
   684 694 1
   684 731 7
   685 774 13
   686 695 1
   686 696 1
   687 696 1
   687 713 3
   688 697 1
   688 698 1
   689 698 1
   690 699 1
   690 900 28
   691 699 1
   693 700 1
   693 992 39
   694 701 1
   694 737 7
   695 704 1
   695 712 2
   696 704 1
   696 717 3
   697 705 1
   700 707 1
   700 1002 39
   701 744 7
   701 1077 45
   702 708 1
   702 732 5
   703 709 1
   703 715 2
   704 716 2
   704 722 3
   705 713 1
   707 1012 39
   708 738 5
   709 714 1
   709 720 2
   710 715 1
   710 728 3
   712 716 1
   713 717 1
   714 719 1
   714 727 2
   715 720 1
   715 734 3
   716 721 1
   716 735 3
   717 722 1
   717 723 1
   718 782 9
   719 733 2
   719 739 3
   720 727 1
   720 740 3
   722 729 1
   722 735 2
   723 729 1
   725 759 5
   726 730 1
   726 743 3
   727 733 1
   727 747 3
   728 734 1
   730 736 1
   730 751 3
   731 737 1
   731 774 6
   732 738 1
   732 739 1
   733 754 3
   733 755 3
   734 740 1
   734 741 1
   736 742 1
   737 744 1
   738 745 1
   738 746 1
   739 746 1
   739 754 2
   740 747 1
   740 748 1
   741 748 1
   742 750 1
   743 751 1
   743 772 4
   744 791 6
   744 1144 45
   745 752 1
   745 753 1
   746 753 1
   746 762 2
   747 755 1
   747 756 1
   748 756 1
   749 758 1
   749 764 2
   750 759 1
   750 771 3
   751 781 4
   752 760 1
   752 761 1
   753 761 1
   754 762 1
   755 763 1
   757 764 1
   758 765 1
   758 769 2
   759 766 1
   760 860 13
   761 775 2
   763 767 1
   764 768 1
   764 769 1
   765 779 2
   765 804 5
   766 770 1
   766 789 3
   767 776 1
   768 777 1
   768 778 1
   769 778 1
   769 779 1
   770 780 1
   771 851 10
   772 781 1
   772 821 6
   773 782 1
   775 783 1
   775 798 3
   776 784 1
   776 800 3
   777 786 1
   777 787 1
   778 787 1
   778 788 1
   779 788 1
   779 819 5
   780 796 2
   781 830 6
   781 850 9
   782 790 1
   783 807 3
   783 885 13
   784 792 1
   784 809 3
   785 793 1
   786 793 1
   786 794 1
   787 794 1
   787 795 1
   788 795 1
   788 828 5
   789 865 10
   791 1288 58
   792 799 1
   792 815 3
   793 801 1
   793 802 1
   794 802 1
   794 803 1
   795 803 1
   795 837 5
   796 804 1
   796 820 3
   797 805 1
   797 806 1
   798 807 1
   798 808 1
   799 808 1
   799 825 3
   800 809 1
   800 817 2
   801 810 1
   801 816 2
   802 810 1
   802 811 1
   803 811 1
   803 844 5
   804 819 2
   804 829 3
   805 812 1
   805 813 1
   806 813 1
   807 814 1
   807 912 13
   808 814 1
   808 834 3
   809 815 1
   809 816 1
   810 817 1
   810 818 1
   811 818 1
   811 848 5
   812 822 1
   812 823 1
   813 823 1
   814 824 1
   814 841 3
   815 825 1
   815 826 1
   816 826 1
   816 827 1
   817 827 1
   817 862 6
   818 843 3
   818 855 5
   819 828 1
   820 829 1
   820 850 4
   821 830 1
   821 900 10
   822 831 1
   822 832 1
   823 832 1
   824 840 2
   824 861 5
   825 834 1
   825 835 1
   826 835 1
   826 836 1
   827 836 1
   827 868 6
   828 837 1
   828 849 3
   829 857 4
   830 838 1
   830 910 10
   831 839 1
   831 1047 25
   832 839 1
   834 841 1
   834 846 2
   835 842 1
   836 842 1
   836 843 1
   837 844 1
   837 856 3
   838 845 1
   838 871 5
   839 1060 25
   840 874 5
   840 920 10
   841 853 2
   841 960 15
   842 846 1
   842 847 1
   843 847 1
   843 875 5
   844 848 1
   844 864 3
   845 851 1
   845 880 5
   846 853 1
   846 854 1
   847 854 1
   847 886 5
   848 855 1
   849 856 1
   849 878 4
   850 857 1
   850 898 6
   851 858 1
   851 890 5
   853 861 1
   853 904 6
   854 894 5
   854 971 14
   855 862 1
   855 863 1
   856 864 1
   856 889 4
   857 869 2
   857 908 6
   858 865 1
   858 899 5
   859 866 1
   860 867 1
   861 874 2
   861 913 6
   862 868 1
   862 888 3
   863 876 2
   863 877 2
   864 897 4
   865 870 1
   865 909 5
   866 883 2
   866 1061 21
   867 873 1
   867 885 2
   868 875 1
   868 876 1
   869 878 1
   869 923 6
   870 879 1
   870 916 5
   871 880 1
   871 910 6
   872 884 1
   872 1282 46
   873 884 1
   873 893 2
   874 952 9
   875 886 1
   875 887 1
   876 887 1
   876 896 2
   877 888 1
   877 915 4
   878 889 1
   878 930 6
   879 898 2
   879 924 5
   880 890 1
   880 931 6
   882 891 1
   882 892 1
   883 892 1
   883 1083 21
   884 903 2
   885 893 1
   885 912 3
   886 894 1
   886 895 1
   887 895 1
   887 906 2
   888 896 1
   888 922 4
   889 897 1
   889 937 6
   890 899 1
   890 939 6
   891 901 1
   891 902 1
   892 902 1
   892 1094 21
   893 903 1
   893 919 3
   894 904 1
   894 905 1
   895 905 1
   895 914 2
   896 906 1
   896 929 4
   897 907 1
   897 944 6
   898 908 1
   898 938 5
   899 909 1
   899 946 6
   900 910 1
   901 911 1
   902 911 1
   902 1105 21
   903 927 3
   904 913 1
   904 928 3
   905 921 2
   905 1028 14
   906 914 1
   906 936 4
   907 915 1
   907 954 6
   908 923 2
   908 945 5
   909 916 1
   909 955 6
   911 918 1
   911 1114 21
   912 919 1
   912 920 1
   913 935 3
   913 1018 12
   914 921 1
   914 943 4
   915 922 1
   915 962 6
   916 924 1
   916 964 6
   917 926 1
   918 926 1
   918 1125 21
   919 927 1
   921 928 1
   921 953 4
   922 929 1
   922 973 6
   923 930 1
   923 963 5
   924 938 2
   924 975 6
   925 932 1
   925 957 4
   926 1163 24
   927 934 1
   928 935 1
   928 961 4
   929 936 1
   929 979 6
   930 937 1
   930 974 5
   931 939 1
   931 940 1
   932 940 1
   932 966 4
   933 942 1
   933 985 6
   934 960 3
   934 1385 58
   935 952 2
   935 972 4
   936 943 1
   936 988 6
   937 944 1
   937 980 5
   938 945 1
   938 990 6
   939 946 1
   939 947 1
   940 947 1
   940 982 5
   941 949 1
   941 969 3
   942 950 1
   942 993 6
   943 953 1
   943 996 6
   944 954 1
   944 989 5
   945 963 2
   945 998 6
   946 955 1
   946 956 1
   947 956 1
   947 991 5
   948 957 1
   948 958 1
   949 959 1
   950 969 2
   951 1005 6
   952 987 4
   952 1053 10
   953 961 1
   953 1006 6
   954 962 1
   954 997 5
   955 964 1
   955 965 1
   956 965 1
   956 1000 5
   957 966 1
   957 967 1
   958 967 1
   958 968 1
   959 984 3
   959 1061 10
   961 972 1
   961 1019 6
   962 973 1
   962 1007 5
   963 974 1
   963 1021 6
   964 975 1
   964 976 1
   965 976 1
   965 1009 5
   966 977 1
   967 977 1
   967 978 1
   968 978 1
   968 1011 5
   971 1018 5
   972 987 2
   972 1029 6
   973 979 1
   973 1020 5
   974 980 1
   974 1031 6
   975 981 1
   975 990 2
   976 981 1
   976 1022 5
   977 982 1
   977 983 1
   978 983 1
   978 1024 5
   979 988 1
   979 1030 5
   980 989 1
   980 1044 6
   981 999 2
   981 1032 5
   982 991 1
   982 1046 6
   983 1001 2
   983 1034 5
   984 992 1
   984 1035 5
   985 993 1
   985 994 1
   986 994 1
   986 1026 4
   987 1054 6
   987 1099 10
   988 996 1
   988 1043 5
   989 997 1
   989 1056 6
   990 998 1
   990 999 1
   991 1000 1
   991 1001 1
   992 1002 1
   993 1003 1
   994 1003 1
   994 1038 4
   995 1004 1
   995 1014 2
   996 1006 1
   996 1055 5
   997 1007 1
   997 1069 6
   998 1008 1
   998 1021 2
   999 1008 1
   999 1057 5
   1000 1009 1
   1000 1010 1
   1001 1010 1
   1001 1058 5
   1002 1012 1
   1003 1013 1
   1003 1049 4
   1004 1015 1
   1005 1016 1
   1005 1017 1
   1006 1019 1
   1006 1068 5
   1007 1020 1
   1007 1080 6
   1008 1045 3
   1008 1070 5
   1009 1022 1
   1009 1023 1
   1010 1023 1
   1010 1071 5
   1011 1024 1
   1011 1047 3
   1012 1095 7
   1013 1037 2
   1013 1063 4
   1014 1026 1
   1015 1040 2
   1016 1027 1
   1017 1027 1
   1017 1077 5
   1018 1028 1
   1019 1029 1
   1019 1079 5
   1020 1030 1
   1020 1090 6
   1021 1031 1
   1021 1091 6
   1022 1032 1
   1022 1033 1
   1023 1033 1
   1023 1081 5
   1024 1034 1
   1024 1059 3
   1025 1035 1
   1025 1036 1
   1026 1038 1
   1026 1039 1
   1027 1088 5
   1027 1154 12
   1028 1042 1
   1028 1053 2
   1029 1054 2
   1029 1089 5
   1030 1043 1
   1030 1100 6
   1031 1044 1
   1031 1045 1
   1032 1057 2
   1032 1103 6
   1033 1092 5
   1034 1046 1
   1034 1072 3
   1035 1209 19
   1036 1048 1
   1037 1048 1
   1037 1084 4
   1038 1049 1
   1039 1050 1
   1040 1050 1
   1040 1051 1
   1041 1052 1
   1041 1119 7
   1042 1052 1
   1042 1067 2
   1043 1055 1
   1043 1111 6
   1044 1056 1
   1044 1297 31
   1045 1101 5
   1045 1102 5
   1046 1058 1
   1046 1093 4
   1047 1059 1
   1047 1060 1
   1048 1062 1
   1049 1063 1
   1050 1064 1
   1050 1065 1
   1051 1065 1
   1051 1087 3
   1052 1078 2
   1052 1131 7
   1053 1067 1
   1053 1099 4
   1054 1167 11
   1055 1068 1
   1055 1121 6
   1056 1069 1
   1056 1300 31
   1057 1070 1
   1057 1123 6
   1058 1071 1
   1058 1104 4
   1059 1072 1
   1059 1073 1
   1060 1073 1
   1060 1169 11
   1061 1083 2
   1061 1095 3
   1062 1074 1
   1062 1227 19
   1063 1084 2
   1064 1075 1
   1064 1076 1
   1065 1076 1
   1065 1097 3
   1066 1087 2
   1066 1129 6
   1067 1078 1
   1068 1079 1
   1068 1132 6
   1069 1080 1
   1069 1305 31
   1070 1091 2
   1070 1133 6
   1071 1081 1
   1071 1113 4
   1072 1082 1
   1072 1212 17
   1073 1082 1
   1073 1176 11
   1074 1106 3
   1074 1237 19
   1075 1085 1
   1075 1086 1
   1076 1086 1
   1076 1109 3
   1077 1088 1
   1077 1144 7
   1078 1110 3
   1078 1146 7
   1079 1089 1
   1079 1138 6
   1080 1090 1
   1080 1308 31
   1081 1092 1
   1081 1124 4
   1082 1093 1
   1082 1181 11
   1083 1094 1
   1083 1115 3
   1084 1096 1
   1085 1108 2
   1085 1302 29
   1086 1118 3
   1087 1097 1
   1087 1143 6
   1088 1155 7
   1088 1196 13
   1089 1147 6
   1089 1189 12
   1090 1100 1
   1090 1101 1
   1091 1102 1
   1091 1150 6
   1092 1103 1
   1092 1134 4
   1093 1104 1
   1093 1185 11
   1094 1105 1
   1094 1126 3
   1095 1115 2
   1095 1194 12
   1096 1107 1
   1096 1108 1
   1097 1109 1
   1097 1153 6
   1100 1111 1
   1100 1112 1
   1101 1112 1
   1101 1149 5
   1102 1149 5
   1102 1161 6
   1103 1123 2
   1103 1140 4
   1104 1113 1
   1104 1192 11
   1105 1114 1
   1105 1135 3
   1106 1116 1
   1106 1264 19
   1107 1116 1
   1107 1117 1
   1108 1117 1
   1108 1312 29
   1109 1118 1
   1109 1164 6
   1110 1120 1
   1110 1173 7
   1111 1121 1
   1111 1122 1
   1112 1122 1
   1112 1160 5
   1113 1124 1
   1113 1201 11
   1114 1125 1
   1114 1141 3
   1115 1126 1
   1115 1210 12
   1116 1127 1
   1116 1128 1
   1117 1128 1
   1117 1322 29
   1118 1171 6
   1118 1445 48
   1119 1130 1
   1119 1131 1
   1120 1180 7
   1121 1132 1
   1123 1133 1
   1123 1244 15
   1124 1134 1
   1124 1207 11
   1125 1151 3
   1125 1152 3
   1126 1135 1
   1126 1217 12
   1127 1136 1
   1128 1365 35
   1129 1143 2
   1129 1195 9
   1130 1137 1
   1130 1145 2
   1131 1137 1
   1131 1146 2
   1132 1138 1
   1132 1139 1
   1133 1150 2
   1133 1278 19
   1134 1140 1
   1134 1213 11
   1135 1141 1
   1135 1228 12
   1136 1142 1
   1137 1157 2
   1137 1158 2
   1138 1147 1
   1138 1148 1
   1139 1148 1
   1140 1221 11
   1140 1222 11
   1141 1152 1
   1141 1238 12
   1142 1194 7
   1143 1153 1
   1143 1211 9
   1144 1155 1
   1145 1156 1
   1145 1157 1
   1146 1158 1
   1146 1173 3
   1147 1159 1
   1147 1167 2
   1148 1159 1
   1148 1184 5
   1149 1160 1
   1149 1191 6
   1150 1161 1
   1150 1291 19
   1151 1162 1
   1151 1177 3
   1152 1163 1
   1152 1249 12
   1153 1164 1
   1153 1218 9
   1155 1282 17
   1156 1165 1
   1156 1469 47
   1157 1165 1
   1157 1172 2
   1158 1172 2
   1158 1179 3
   1159 1168 1
   1159 1190 5
   1160 1200 6
   1161 1191 5
   1161 1295 19
   1162 1170 1
   1162 1182 3
   1163 1177 2
   1164 1171 1
   1164 1229 9
   1165 1178 2
   1165 1480 47
   1167 1174 1
   1167 1240 10
   1168 1174 1
   1168 1199 5
   1169 1176 1
   1169 1193 4
   1170 1187 3
   1170 1310 22
   1171 1239 9
   1171 1499 48
   1172 1178 1
   1172 1188 3
   1173 1179 1
   1173 1180 1
   1174 1205 5
   1174 1251 10
   1176 1181 1
   1176 1202 4
   1177 1182 1
   1177 1209 5
   1178 1197 3
   1178 1500 47
   1179 1183 1
   1179 1188 2
   1180 1183 1
   1180 1265 11
   1181 1185 1
   1181 1208 4
   1182 1187 1
   1182 1215 5
   1183 1198 2
   1183 1270 11
   1184 1190 1
   1184 1230 6
   1185 1192 1
   1185 1214 4
   1186 1193 1
   1186 1224 5
   1187 1225 5
   1187 1333 22
   1188 1197 1
   1188 1198 1
   1189 1240 6
   1190 1199 1
   1190 1241 6
   1191 1200 1
   1191 1212 3
   1192 1201 1
   1192 1223 4
   1193 1202 1
   1193 1234 5
   1194 1210 2
   1195 1211 2
   1195 1276 10
   1196 1258 7
   1197 1203 1
   1197 1526 47
   1198 1203 1
   1198 1283 11
   1199 1205 1
   1199 1252 6
   1200 1206 1
   1200 1220 3
   1201 1207 1
   1201 1233 4
   1202 1208 1
   1202 1246 5
   1203 1289 11
   1203 1536 47
   1204 1259 6
   1204 1265 7
   1205 1261 6
   1205 1284 10
   1206 1231 3
   1207 1213 1
   1207 1245 4
   1208 1214 1
   1208 1255 5
   1209 1215 1
   1209 1216 1
   1210 1217 1
   1211 1218 1
   1211 1286 10
   1212 1220 1
   1212 1221 1
   1213 1222 1
   1213 1254 4
   1214 1223 1
   1214 1263 5
   1215 1225 1
   1215 1226 1
   1216 1226 1
   1216 1227 1
   1217 1228 1
   1218 1229 1
   1219 1230 1
   1219 1253 3
   1220 1231 1
   1220 1232 1
   1221 1232 1
   1222 1244 2
   1222 1262 4
   1223 1233 1
   1223 1267 5
   1224 1234 1
   1225 1235 1
   1226 1235 1
   1226 1236 1
   1227 1236 1
   1227 1237 1
   1228 1238 1
   1229 1239 1
   1230 1241 1
   1230 1344 18
   1231 1242 1
   1231 1243 1
   1232 1243 1
   1233 1245 1
   1233 1273 5
   1234 1246 1
   1235 1247 1
   1236 1247 1
   1236 1248 1
   1237 1248 1
   1237 1264 3
   1238 1249 1
   1240 1250 1
   1240 1251 1
   1241 1252 1
   1241 1350 18
   1242 1253 1
   1242 1331 15
   1243 1327 14
   1243 1394 26
   1244 1272 4
   1245 1254 1
   1245 1279 5
   1246 1255 1
   1246 1339 16
   1247 1256 1
   1248 1256 1
   1248 1268 3
   1249 1257 1
   1250 1259 1
   1250 1260 1
   1251 1260 1
   1251 1284 5
   1252 1261 1
   1252 1271 3
   1253 1271 3
   1253 1336 15
   1254 1262 1
   1254 1285 5
   1255 1263 1
   1256 1274 3
   1256 1378 22
   1257 1269 2
   1258 1287 5
   1259 1266 1
   1259 1296 7
   1260 1266 1
   1260 1290 5
   1261 1277 3
   1261 1307 10
   1262 1272 2
   1262 1292 5
   1263 1267 1
   1263 1353 16
   1264 1268 1
   1264 1269 1
   1265 1270 1
   1265 1296 6
   1266 1294 5
   1266 1299 7
   1267 1273 1
   1268 1274 1
   1268 1275 1
   1269 1275 1
   1270 1283 2
   1271 1277 1
   1271 1358 15
   1272 1278 1
   1272 1298 5
   1273 1279 1
   1274 1280 1
   1274 1400 22
   1275 1280 1
   1276 1286 2
   1276 1303 6
   1277 1330 10
   1277 1362 15
   1278 1291 2
   1278 1301 5
   1279 1285 1
   1279 1306 6
   1280 1311 7
   1281 1287 1
   1281 1288 1
   1282 1348 12
   1283 1289 1
   1284 1290 1
   1284 1307 6
   1285 1292 1
   1285 1373 16
   1286 1313 6
   1287 1293 1
   1288 1293 1
   1288 1315 6
   1289 1316 6
   1289 1586 47
   1290 1294 1
   1290 1318 6
   1291 1295 1
   1291 1309 5
   1292 1298 2
   1292 1320 6
   1293 1324 6
   1294 1326 6
   1295 1297 1
   1295 1319 5
   1296 1299 1
   1297 1300 1
   1297 1422 21
   1298 1301 1
   1298 1332 6
   1299 1304 1
   1300 1305 1
   1300 1429 21
   1301 1309 2
   1301 1338 6
   1302 1312 2
   1302 1341 6
   1303 1313 2
   1303 1314 2
   1304 1317 2
   1304 1334 5
   1305 1308 1
   1305 1438 21
   1306 1320 2
   1306 1369 10
   1307 1318 1
   1307 1330 3
   1308 1447 21
   1309 1319 1
   1309 1352 6
   1310 1321 1
   1310 1333 3
   1311 1405 15
   1312 1322 1
   1312 1355 6
   1313 1323 1
   1313 1329 2
   1314 1329 2
   1315 1324 1
   1315 1348 5
   1316 1325 1
   1316 1620 47
   1317 1325 1
   1317 1349 5
   1318 1326 1
   1318 1335 3
   1319 1351 5
   1319 1359 6
   1320 1332 2
   1321 1340 3
   1322 1361 6
   1323 1328 1
   1324 1357 5
   1326 1343 3
   1326 1367 7
   1327 1331 1
   1328 1342 2
   1329 1579 37
   1330 1335 1
   1331 1336 1
   1331 1337 1
   1332 1338 1
   1333 1340 1
   1334 1349 2
   1334 1372 6
   1335 1343 1
   1336 1344 1
   1336 1345 1
   1337 1345 1
   1338 1352 2
   1338 1397 10
   1339 1360 3
   1340 1346 1
   1341 1355 2
   1341 1356 2
   1342 1347 1
   1342 1585 37
   1344 1350 1
   1344 1376 6
   1345 1363 3
   1346 1354 1
   1347 1356 1
   1347 1590 37
   1348 1357 1
   1348 1385 7
   1349 1379 6
   1350 1358 1
   1350 1380 6
   1351 1381 6
   1352 1359 1
   1352 1409 10
   1353 1370 3
   1354 1360 1
   1355 1361 1
   1355 1366 2
   1356 1366 2
   1357 1392 7
   1357 1639 46
   1358 1362 1
   1358 1363 1
   1359 1381 5
   1360 1364 1
   1361 1365 1
   1361 1371 2
   1362 1368 1
   1362 1501 19
   1363 1368 1
   1363 1388 5
   1364 1370 1
   1364 1390 5
   1366 1371 1
   1366 1624 40
   1367 1372 1
   1367 1501 18
   1368 1395 5
   1368 1725 71
   1369 1373 1
   1369 1382 3
   1370 1374 1
   1372 1379 2
   1373 1389 3
   1374 1377 1
   1376 1380 1
   1376 1414 6
   1377 1382 1
   1378 1384 1
   1378 1400 3
   1379 1386 1
   1379 1387 1
   1380 1388 1
   1380 1421 6
   1381 1446 9
   1382 1389 1
   1383 1391 1
   1384 1391 1
   1384 1404 3
   1385 1392 1
   1385 1420 5
   1386 1393 1
   1386 1664 47
   1387 1393 1
   1387 1401 2
   1388 1395 1
   1388 1427 6
   1389 1398 1
   1391 1399 1
   1391 1412 3
   1392 1426 5
   1392 1454 8
   1393 1406 2
   1393 1667 47
   1394 1407 2
   1394 1408 2
   1395 1436 6
   1395 1559 20
   1396 1402 1
   1397 1409 2
   1397 1415 3
   1398 1410 2
   1398 1431 5
   1399 1403 1
   1399 1418 3
   1400 1404 1
   1400 1405 1
   1401 1406 1
   1401 1407 1
   1402 1471 9
   1403 1411 1
   1403 1424 3
   1404 1412 1
   1404 1413 1
   1405 1413 1
   1406 1537 15
   1406 1674 47
   1407 1527 14
   1408 1509 12
   1409 1430 3
   1410 1415 1
   1410 1449 5
   1411 1417 1
   1411 1433 3
   1412 1418 1
   1412 1419 1
   1413 1419 1
   1414 1421 1
   1414 1492 9
   1415 1430 2
   1415 1457 5
   1416 1423 1
   1417 1423 1
   1417 1442 3
   1418 1424 1
   1418 1425 1
   1419 1425 1
   1420 1426 1
   1420 1469 6
   1421 1427 1
   1421 1470 6
   1422 1429 1
   1422 1448 3
   1423 1432 1
   1423 1452 3
   1424 1433 1
   1424 1434 1
   1425 1434 1
   1425 1435 1
   1426 1479 6
   1427 1436 1
   1427 1481 6
   1428 1437 1
   1428 1470 5
   1429 1438 1
   1429 1514 9
   1430 1439 1
   1430 1474 5
   1431 1440 1
   1431 1449 2
   1432 1441 1
   1432 1459 3
   1433 1442 1
   1433 1443 1
   1434 1443 1
   1434 1444 1
   1435 1444 1
   1436 1490 6
   1436 1580 20
   1437 1455 2
   1437 1482 5
   1438 1447 1
   1438 1463 3
   1439 1448 1
   1439 1485 5
   1440 1450 1
   1440 1458 2
   1441 1451 1
   1441 1466 3
   1442 1452 1
   1442 1453 1
   1443 1453 1
   1445 1499 6
   1445 1573 17
   1446 1455 1
   1446 1456 1
   1447 1456 1
   1447 1473 3
   1448 1463 2
   1448 1495 5
   1449 1457 1
   1449 1458 1
   1450 1465 2
   1451 1477 3
   1452 1459 1
   1452 1460 1
   1453 1460 1
   1454 1461 1
   1454 1634 29
   1455 1462 1
   1456 1462 1
   1456 1484 3
   1457 1464 1
   1457 1474 2
   1458 1464 1
   1458 1465 1
   1459 1466 1
   1459 1467 1
   1460 1467 1
   1461 1468 1
   1461 1636 29
   1462 1472 1
   1462 1494 3
   1463 1473 1
   1463 1513 5
   1464 1475 1
   1464 1486 2
   1465 1475 1
   1465 1476 1
   1466 1477 1
   1466 1478 1
   1467 1478 1
   1468 1640 29
   1468 1663 36
   1469 1479 1
   1469 1480 1
   1470 1481 1
   1470 1482 1
   1471 1483 1
   1472 1483 1
   1472 1504 3
   1473 1484 1
   1473 1522 5
   1474 1485 1
   1474 1486 1
   1475 1497 2
   1477 1487 1
   1477 1488 1
   1478 1488 1
   1479 1489 1
   1480 1489 1
   1480 1500 2
   1481 1490 1
   1481 1491 1
   1482 1491 1
   1482 1503 2
   1483 1493 1
   1483 1512 3
   1484 1494 1
   1484 1530 5
   1485 1495 1
   1485 1496 1
   1486 1496 1
   1486 1497 1
   1487 1498 1
   1488 1498 1
   1489 1508 2
   1490 1502 1
   1490 1608 20
   1491 1502 1
   1491 1510 2
   1492 1503 1
   1492 1529 4
   1493 1511 2
   1493 1521 3
   1494 1504 1
   1494 1539 5
   1495 1505 1
   1495 1513 2
   1496 1505 1
   1496 1506 1
   1497 1506 1
   1498 1518 2
   1499 1507 1
   1500 1508 1
   1500 1526 3
   1501 1509 1
   1502 1519 2
   1502 1614 20
   1503 1510 1
   1503 1511 1
   1504 1512 1
   1504 1546 5
   1505 1514 1
   1505 1515 1
   1506 1515 1
   1506 1516 1
   1507 1589 15
   1508 1535 3
   1509 1527 2
   1509 1559 6
   1510 1519 1
   1510 1520 1
   1511 1520 1
   1511 1538 3
   1512 1521 1
   1512 1554 5
   1513 1522 1
   1513 1523 1
   1514 1523 1
   1514 1524 1
   1515 1524 1
   1517 1525 1
   1517 1534 2
   1518 1525 1
   1519 1528 1
   1519 1626 20
   1520 1528 1
   1520 1545 3
   1521 1529 1
   1521 1560 5
   1522 1530 1
   1522 1531 1
   1523 1531 1
   1523 1532 1
   1524 1532 1
   1524 1533 1
   1525 1543 2
   1526 1535 1
   1526 1536 1
   1527 1537 1
   1527 1568 6
   1528 1553 3
   1528 1630 20
   1529 1538 1
   1529 1569 6
   1530 1539 1
   1530 1540 1
   1531 1540 1
   1531 1541 1
   1532 1541 1
   1532 1542 1
   1533 1542 1
   1533 1557 3
   1534 1543 1
   1535 1544 1
   1535 1705 45
   1536 1544 1
   1536 1570 6
   1538 1545 1
   1539 1546 1
   1539 1547 1
   1540 1547 1
   1540 1548 1
   1541 1548 1
   1541 1549 1
   1542 1549 1
   1542 1562 3
   1543 1551 1
   1543 1552 1
   1544 1574 6
   1545 1553 1
   1546 1554 1
   1546 1555 1
   1547 1555 1
   1548 1556 1
   1549 1556 1
   1549 1566 3
   1550 1557 1
   1550 1558 1
   1551 1558 1
   1551 1573 5
   1552 1567 3
   1552 1589 10
   1553 1594 10
   1554 1560 1
   1554 1561 1
   1555 1561 1
   1555 1565 2
   1556 1565 2
   1557 1562 1
   1557 1563 1
   1558 1563 1
   1558 1576 5
   1559 1568 2
   1559 1580 6
   1560 1564 1
   1561 1564 1
   1562 1566 1
   1563 1567 1
   1564 1569 1
   1564 1571 2
   1565 1571 2
   1565 1577 4
   1567 1572 2
   1568 1702 39
   1569 1575 2
   1570 1574 1
   1570 1586 5
   1571 1575 1
   1571 1583 4
   1572 1578 2
   1573 1576 1
   1573 1597 6
   1574 1593 5
   1575 1587 4
   1576 1578 1
   1576 1602 6
   1577 1583 2
   1578 1581 1
   1578 1606 6
   1579 1582 1
   1580 1608 6
   1580 1728 41
   1581 1584 1
   1581 1612 6
   1582 1585 1
   1582 1591 2
   1583 1587 1
   1583 1596 2
   1584 1588 1
   1584 1619 6
   1585 1590 1
   1586 1593 1
   1586 1620 6
   1587 1595 1
   1587 1601 2
   1588 1611 4
   1588 1623 6
   1589 1597 1
   1589 1638 10
   1590 1711 34
   1591 1598 1
   1592 1598 1
   1593 1625 6
   1593 1634 8
   1594 1599 1
   1595 1600 1
   1596 1601 1
   1597 1602 1
   1597 1642 10
   1598 1603 1
   1599 1604 1
   1600 1609 2
   1601 1605 1
   1602 1606 1
   1602 1644 10
   1603 1607 1
   1603 1629 5
   1604 1637 7
   1605 1610 1
   1605 1617 2
   1606 1612 1
   1606 1650 10
   1607 1613 1
   1607 1633 5
   1608 1614 1
   1608 1752 41
   1609 1615 1
   1609 1616 1
   1610 1616 1
   1611 1617 1
   1611 1618 1
   1612 1619 1
   1613 1624 2
   1614 1626 2
   1614 1758 41
   1615 1621 1
   1615 1909 61
   1616 1621 1
   1616 1627 2
   1617 1622 1
   1618 1622 1
   1619 1623 1
   1620 1625 1
   1620 1643 6
   1621 1631 2
   1621 1921 61
   1622 1628 1
   1623 1721 30
   1625 1647 6
   1625 1654 8
   1626 1630 1
   1626 1772 41
   1627 1631 1
   1627 1632 1
   1628 1632 1
   1629 1633 1
   1630 1641 3
   1630 1777 41
   1631 1635 1
   1631 1944 61
   1632 1635 1
   1632 1649 5
   1634 1636 1
   1634 1654 6
   1635 1652 5
   1635 1956 61
   1636 1640 1
   1636 1657 6
   1637 1641 1
   1638 1642 1
   1638 1669 9
   1639 1663 7
   1640 1660 6
   1640 1762 36
   1641 1648 2
   1642 1644 1
   1642 1673 9
   1643 1647 1
   1643 1664 6
   1644 1650 1
   1644 1675 9
   1645 1655 3
   1646 1653 2
   1646 1656 3
   1647 1666 6
   1648 1651 1
   1649 1652 1
   1649 1668 6
   1650 1672 7
   1650 1677 9
   1651 1794 38
   1652 1671 6
   1653 1655 1
   1653 1662 3
   1654 1657 1
   1654 1687 12
   1655 1659 1
   1656 1662 2
   1657 1660 1
   1657 1690 12
   1658 1661 1
   1658 1672 4
   1660 1693 12
   1661 1665 1
   1664 1666 1
   1664 1667 1
   1665 1668 1
   1666 1670 1
   1666 1687 8
   1667 1670 1
   1667 1674 2
   1668 1671 1
   1669 1673 1
   1669 1684 6
   1670 1676 2
   1670 1691 8
   1671 1678 3
   1671 2011 61
   1672 1679 3
   1673 1675 1
   1673 1686 6
   1674 1676 1
   1675 1677 1
   1675 1689 6
   1676 1682 3
   1677 1692 6
   1678 1680 1
   1678 2027 61
   1679 1681 1
   1680 1688 3
   1680 2033 61
   1681 1683 1
   1681 1696 6
   1682 1701 8
   1683 1685 1
   1683 1699 6
   1684 1686 1
   1684 1697 5
   1685 1688 1
   1686 1689 1
   1687 1690 1
   1687 1691 1
   1688 1703 6
   1688 2047 61
   1689 1692 1
   1690 1693 1
   1690 1694 1
   1691 1694 1
   1691 1701 5
   1692 1715 7
   1693 1695 1
   1694 1695 1
   1694 1706 5
   1695 1712 5
   1695 1896 35
   1696 1699 1
   1696 1714 5
   1698 1719 5
   1699 1720 5
   1700 1704 1
   1700 1724 5
   1701 1706 1
   1701 1751 12
   1702 1707 1
   1702 1728 6
   1703 1726 5
   1704 1710 1
   1704 1727 5
   1706 1712 1
   1706 1756 12
   1707 1713 1
   1707 1731 6
   1708 1714 1
   1708 1715 1
   1709 1716 1
   1709 1717 1
   1710 1717 1
   1711 1718 1
   1712 1763 12
   1712 1953 35
   1713 1735 6
   1713 1744 8
   1714 1720 1
   1715 1732 5
   1716 1721 1
   1716 1738 6
   1717 1733 5
   1717 1737 6
   1718 1722 1
   1718 1786 15
   1720 1723 1
   1721 1732 4
   1721 1742 6
   1722 1730 3
   1722 1793 15
   1723 1726 1
   1724 1727 1
   1724 1747 6
   1725 1744 5
   1726 1729 1
   1726 2071 61
   1727 1750 6
   1728 1731 1
   1728 1752 6
   1729 1748 5
   1729 2075 61
   1730 1734 1
   1730 1813 15
   1731 1735 1
   1731 1757 6
   1732 1736 1
   1732 1737 1
   1733 1738 1
   1733 1760 6
   1734 1739 1
   1735 1764 6
   1735 1770 7
   1736 1740 1
   1736 1741 1
   1737 1741 1
   1737 1759 5
   1738 1742 1
   1738 1767 6
   1739 1743 1
   1740 1745 1
   1740 1746 1
   1741 1746 1
   1741 1766 5
   1742 1759 4
   1742 1774 6
   1744 1775 6
   1745 1748 1
   1745 1749 1
   1746 1749 1
   1746 1773 5
   1747 1750 1
   1748 1753 1
   1748 2096 61
   1749 1753 1
   1749 1778 5
   1750 1754 1
   1751 1756 1
   1752 1757 1
   1752 1758 1
   1753 1783 5
   1753 2100 61
   1754 1760 1
   1755 1761 1
   1756 1763 1
   1757 1764 1
   1757 1765 1
   1758 1765 1
   1758 1772 2
   1759 1766 1
   1759 1795 6
   1760 1767 1
   1760 1779 3
   1761 1768 1
   1761 1780 3
   1763 2014 35
   1764 1771 1
   1764 1807 7
   1765 1771 1
   1765 1776 2
   1766 1773 1
   1766 1802 6
   1767 1774 1
   1767 1784 3
   1768 1785 3
   1769 1787 3
   1769 1895 17
   1770 1775 1
   1770 1807 6
   1771 1781 2
   1771 1822 8
   1772 1776 1
   1772 1777 1
   1773 1778 1
   1773 1809 6
   1774 1789 3
   1774 1795 4
   1775 1814 6
   1775 1829 8
   1776 1781 1
   1776 1782 1
   1777 1782 1
   1777 1794 3
   1778 1783 1
   1778 1815 6
   1779 1784 1
   1780 1785 1
   1780 1818 6
   1781 1788 1
   1781 1839 8
   1782 1788 1
   1782 1801 3
   1783 1823 6
   1784 1789 1
   1784 1790 1
   1785 1791 1
   1786 1792 1
   1786 1793 1
   1788 1808 3
   1788 1840 7
   1789 1796 1
   1789 1816 4
   1790 1796 1
   1790 1810 3
   1791 1797 1
   1791 1832 6
   1792 1799 1
   1792 1800 1
   1793 1800 1
   1793 1813 3
   1794 1801 1
   1794 1841 6
   1795 1802 1
   1795 1816 3
   1796 1817 3
   1796 1825 4
   1797 1803 1
   1797 1844 6
   1798 1804 1
   1798 1805 1
   1799 1805 1
   1799 1806 1
   1800 1806 1
   1800 1821 3
   1801 1808 1
   1801 1850 6
   1802 1809 1
   1802 1824 3
   1803 1810 1
   1804 1811 1
   1805 1811 1
   1805 1812 1
   1806 1812 1
   1806 1828 3
   1807 1814 1
   1807 1840 4
   1808 1858 6
   1808 1867 7
   1809 1815 1
   1809 1830 3
   1810 1817 1
   1810 1861 6
   1811 1819 1
   1811 1820 1
   1812 1820 1
   1812 1835 3
   1813 1821 1
   1814 1822 1
   1815 1823 1
   1815 1842 3
   1816 1824 1
   1816 1825 1
   1817 1853 4
   1817 1869 6
   1818 1871 6
   1819 1826 1
   1819 1827 1
   1820 1827 1
   1820 1847 3
   1821 1828 1
   1822 1839 2
   1822 1889 8
   1823 1851 3
   1823 2119 61
   1824 1830 1
   1824 1831 1
   1825 1831 1
   1825 1853 3
   1826 1833 1
   1826 1834 1
   1827 1834 1
   1827 1856 3
   1828 1835 1
   1828 1836 1
   1829 1838 1
   1830 1842 1
   1830 1843 1
   1831 1843 1
   1831 1860 3
   1832 1844 1
   1832 1877 5
   1833 1845 1
   1833 1846 1
   1834 1846 1
   1834 1865 3
   1835 1847 1
   1838 1848 1
   1839 1849 1
   1839 1907 8
   1840 1849 1
   1840 1867 3
   1841 1850 1
   1841 1890 6
   1842 1851 1
   1842 1852 1
   1843 1852 1
   1843 1868 3
   1844 1885 5
   1845 1854 1
   1845 1855 1
   1846 1855 1
   1846 1873 3
   1847 1856 1
   1848 1897 6
   1848 2062 35
   1849 1875 3
   1849 1919 8
   1850 1858 1
   1850 1899 6
   1851 1859 1
   1851 2127 61
   1852 1859 1
   1852 1876 3
   1853 1860 1
   1854 1863 1
   1854 1864 1
   1855 1864 1
   1855 1880 3
   1856 1865 1
   1857 1866 1
   1858 1908 6
   1858 1932 8
   1859 1884 3
   1859 2130 61
   1860 1868 1
   1860 1910 6
   1861 1869 1
   1861 1900 5
   1862 1901 7
   1863 1872 1
   1864 1872 1
   1864 1887 3
   1865 1873 1
   1866 1874 1
   1867 1875 1
   1868 1876 1
   1868 1922 6
   1869 1910 5
   1869 1911 5
   1870 1877 1
   1870 1878 1
   1871 1878 1
   1871 1914 5
   1872 1879 1
   1873 1880 1
   1873 1881 1
   1874 1883 1
   1874 1895 3
   1875 1932 6
   1876 1884 1
   1876 1935 6
   1877 1885 1
   1878 1901 3
   1880 1887 1
   1882 1894 2
   1883 1888 1
   1883 1904 3
   1884 1945 6
   1884 2135 61
   1885 1891 1
   1885 1892 1
   1886 1893 1
   1888 1894 1
   1888 1917 3
   1889 1898 1
   1889 1907 2
   1890 1899 1
   1890 1909 2
   1891 1900 1
   1892 1947 5
   1893 1902 1
   1893 1914 2
   1894 1903 1
   1894 1929 3
   1895 1904 1
   1896 1906 1
   1896 1953 5
   1897 2073 35
   1898 1918 2
   1899 1908 1
   1899 1920 2
   1900 1911 1
   1900 1912 1
   1901 1913 1
   1901 1924 2
   1902 1925 2
   1903 1916 1
   1903 1940 3
   1904 1917 1
   1906 1961 5
   1907 1918 1
   1907 1919 1
   1908 1933 2
   1908 1976 8
   1909 1920 1
   1909 1921 1
   1910 1922 1
   1911 1923 1
   1911 1968 6
   1912 1923 1
   1912 1946 3
   1913 1936 2
   1913 1946 3
   1914 1924 1
   1914 1925 1
   1915 1927 1
   1915 1937 2
   1916 1928 1
   1916 1951 3
   1917 1929 1
   1917 1952 3
   1918 1930 1
   1918 1931 1
   1919 1931 1
   1919 1942 2
   1920 1933 1
   1920 1934 1
   1921 1934 1
   1921 1944 2
   1922 1935 1
   1922 1968 5
   1923 1957 3
   1923 1973 6
   1924 1936 1
   1926 1937 1
   1927 1938 1
   1927 1949 2
   1928 1939 1
   1928 1960 3
   1929 1940 1
   1930 1941 1
   1930 2086 35
   1931 1941 1
   1931 1954 2
   1932 1976 6
   1932 1987 8
   1933 1943 1
   1933 2026 16
   1934 1943 1
   1934 1955 2
   1935 1945 1
   1935 1972 5
   1936 1947 1
   1936 1948 1
   1937 1949 1
   1937 1974 5
   1938 1958 2
   1938 1959 2
   1939 1950 1
   1939 1981 6
   1940 1951 1
   1940 1964 3
   1941 2090 35
   1942 1954 1
   1943 1962 2
   1943 2031 16
   1944 1955 1
   1944 1956 1
   1945 1977 5
   1946 1957 1
   1948 1969 3
   1949 1958 1
   1949 1970 3
   1950 1959 1
   1950 1985 6
   1951 1960 1
   1953 1961 1
   1953 2014 12
   1955 1962 1
   1958 1971 2
   1959 1971 2
   1959 1993 6
   1960 1984 5
   1961 1965 1
   1961 2019 12
   1962 1967 1
   1962 2040 16
   1963 1975 2
   1964 1986 4
   1965 2025 12
   1966 1999 6
   1966 2103 35
   1967 2046 16
   1968 1972 1
   1968 1973 1
   1969 1983 3
   1969 2005 7
   1970 1975 1
   1970 2003 6
   1971 1984 3
   1971 1991 4
   1972 1977 1
   1972 1978 1
   1973 1978 1
   1974 1980 1
   1975 1980 1
   1975 1991 3
   1977 1982 1
   1977 2141 61
   1978 1982 1
   1978 1995 3
   1979 1983 1
   1979 1990 2
   1980 1990 2
   1980 1997 3
   1981 1985 1
   1982 2000 3
   1982 2142 61
   1983 1989 1
   1983 1996 2
   1984 1992 1
   1985 1993 1
   1987 1994 1
   1989 2002 2
   1989 2015 6
   1990 1996 1
   1990 2006 3
   1991 1997 1
   1991 2007 3
   1992 2003 2
   1992 2024 7
   1994 1999 1
   1995 2000 1
   1995 2004 2
   1996 2002 1
   1996 2009 3
   1997 2006 2
   1997 2010 3
   1998 2017 5
   1999 2113 35
   2000 2144 61
   2001 2004 1
   2001 2005 1
   2002 2013 3
   2003 2007 1
   2003 2034 7
   2004 2008 1
   2005 2008 1
   2005 2015 3
   2006 2009 1
   2006 2016 3
   2007 2010 1
   2008 2012 1
   2008 2021 3
   2009 2013 1
   2009 2022 3
   2010 2016 2
   2010 2023 3
   2011 2027 3
   2012 2028 3
   2012 2150 61
   2013 2029 3
   2013 2042 6
   2014 2019 1
   2014 2044 6
   2015 2021 1
   2016 2022 1
   2017 2024 1
   2019 2025 1
   2019 2049 6
   2020 2037 3
   2020 2070 16
   2021 2028 1
   2022 2029 1
   2023 2043 4
   2024 2034 2
   2024 2052 6
   2025 2053 6
   2026 2030 1
   2026 2031 1
   2027 2032 1
   2027 2033 1
   2029 2056 6
   2030 2035 1
   2030 2036 1
   2031 2036 1
   2031 2040 2
   2032 2037 1
   2032 2038 1
   2033 2038 1
   2033 2047 3
   2034 2043 2
   2034 2058 6
   2035 2039 1
   2036 2039 1
   2036 2045 2
   2037 2041 1
   2037 2083 16
   2038 2041 1
   2039 2050 2
   2040 2045 1
   2040 2046 1
   2041 2055 3
   2041 2088 16
   2042 2048 1
   2042 2056 3
   2043 2061 6
   2043 2158 73
   2044 2049 1
   2044 2062 6
   2045 2050 1
   2045 2051 1
   2046 2051 1
   2046 2060 5
   2048 2057 3
   2049 2053 1
   2049 2064 6
   2050 2054 1
   2050 2148 53
   2051 2054 1
   2051 2063 5
   2052 2058 2
   2053 2067 6
   2053 2072 10
   2054 2065 5
   2056 2057 1
   2057 2059 1
   2058 2061 2
   2058 2068 5
   2059 2155 61
   2060 2063 1
   2060 2070 6
   2061 2069 5
   2062 2064 1
   2062 2073 6
   2063 2065 1
   2063 2074 6
   2064 2067 1
   2064 2076 6
   2065 2078 6
   2067 2081 6
   2068 2069 2
   2070 2074 1
   2070 2083 3
   2071 2075 1
   2073 2076 1
   2073 2077 1
   2074 2078 1
   2074 2087 3
   2075 2080 1
   2075 2096 5
   2076 2081 1
   2076 2082 1
   2077 2082 1
   2077 2086 2
   2078 2091 3
   2079 2084 1
   2080 2084 1
   2080 2099 5
   2081 2085 1
   2081 2109 10
   2082 2085 1
   2082 2089 2
   2083 2087 1
   2083 2088 1
   2084 2104 5
   2085 2093 2
   2085 2112 10
   2086 2089 1
   2086 2090 1
   2087 2091 1
   2087 2092 1
   2088 2092 1
   2089 2093 1
   2089 2094 1
   2090 2094 1
   2090 2098 2
   2091 2095 1
   2092 2095 1
   2093 2097 1
   2094 2097 1
   2094 2102 2
   2096 2099 1
   2096 2100 1
   2097 2105 2
   2098 2102 1
   2098 2103 1
   2099 2104 1
   2101 2111 6
   2102 2105 1
   2102 2106 1
   2103 2106 1
   2103 2113 6
   2104 2107 1
   2105 2108 1
   2105 2121 10
   2106 2108 1
   2106 2115 6
   2108 2117 6
   2108 2124 10
   2109 2111 1
   2109 2112 1
   2111 2114 1
   2111 2116 2
   2112 2114 1
   2113 2115 1
   2114 2118 2
   2115 2117 1
   2116 2118 1
   2118 2120 2
   2119 2127 3
   2120 2122 1
   2121 2123 1
   2121 2124 1
   2122 2128 2
   2123 2126 1
   2123 2128 2
   2124 2126 1
   2125 2132 3
   2126 2131 2
   2126 2136 6
   2127 2129 1
   2127 2130 1
   2128 2131 1
   2129 2132 1
   2129 2133 1
   2130 2133 1
   2130 2135 3
   2132 2134 1
   2133 2134 1
   2134 2137 3
   2140 2148 8
   2141 2142 1
   2142 2144 3
   2143 2146 4
   2144 2145 1
   2144 2147 2
   2145 2146 1
   2145 2149 2
   2146 2151 2
   2147 2149 1
   2147 2150 1
   2149 2151 1
   2151 2152 1
   2155 2158 7
   2156 2160 7
   2157 2159 1
   2163 2165 5
   2164 2166 5
   1 2168 1000000
   2 2168 1000000
   3 2168 1000000
   4 2168 1000000
   5 2169 1000000
   6 2169 1000000
   7 2169 1000000
   8 2169 1000000
   9 2170 1000000
   10 2171 1000000
   11 2171 1000000
   12 2171 1000000
   13 2171 1000000
   14 2171 1000000
   15 2172 1000000
   16 2172 1000000
   17 2172 1000000
   18 2172 1000000
   19 2172 1000000
   20 2172 1000000
   21 2172 1000000
   22 2172 1000000
   23 2173 1000000
   24 2173 1000000
   25 2173 1000000
   26 2173 1000000
   27 2173 1000000
   28 2174 1000000
   29 2174 1000000
   30 2174 1000000
   31 2174 1000000
   32 2174 1000000
   33 2175 1000000
   34 2175 1000000
   35 2175 1000000
   36 2175 1000000
   37 2176 1000000
   38 2176 1000000
   39 2176 1000000
   40 2176 1000000
   41 2177 1000000
   42 2177 1000000
   43 2177 1000000
   44 2177 1000000
   45 2178 1000000
   46 2178 1000000
   47 2178 1000000
   48 2178 1000000
   49 2179 1000000
   50 2179 1000000
   51 2179 1000000
   52 2180 1000000
   53 2181 1000000
   54 2182 1000000
   55 2183 1000000
   56 2183 1000000
   57 2183 1000000
   58 2183 1000000
   59 2183 1000000
   60 2183 1000000
   61 2184 1000000
   62 2184 1000000
   63 2184 1000000
   64 2184 1000000
   65 2185 1000000
   66 2185 1000000
   67 2185 1000000
   68 2185 1000000
   69 2186 1000000
   70 2186 1000000
   71 2186 1000000
   72 2186 1000000
   73 2186 1000000
   74 2186 1000000
   75 2187 1000000
   76 2187 1000000
   77 2187 1000000
   78 2187 1000000
   79 2188 1000000
   80 2188 1000000
   81 2188 1000000
   82 2188 1000000
   83 2189 1000000
   84 2189 1000000
   85 2189 1000000
   86 2189 1000000
   87 2189 1000000
   88 2190 1000000
   89 2190 1000000
   90 2190 1000000
   91 2190 1000000
   92 2190 1000000
   93 2190 1000000
   94 2191 1000000
   95 2191 1000000
   96 2191 1000000
   97 2191 1000000
   98 2192 1000000
   99 2192 1000000
   100 2192 1000000
   101 2192 1000000
   102 2192 1000000
   103 2193 1000000
   104 2193 1000000
   105 2193 1000000
   106 2193 1000000
   107 2193 1000000
   108 2194 1000000
   109 2194 1000000
   110 2194 1000000
   111 2194 1000000
   112 2195 1000000
   113 2195 1000000
   114 2195 1000000
   115 2195 1000000
   116 2196 1000000
   117 2196 1000000
   118 2196 1000000
   119 2196 1000000
   120 2197 1000000
   121 2197 1000000
   122 2197 1000000
   123 2197 1000000
   124 2198 1000000
   125 2198 1000000
   126 2198 1000000
   127 2198 1000000
   128 2198 1000000
   129 2198 1000000
   130 2198 1000000
   131 2198 1000000
   132 2199 1000000
   133 2199 1000000
   134 2199 1000000
   135 2199 1000000
   136 2200 1000000
   137 2200 1000000
   138 2200 1000000
   139 2200 1000000
   140 2200 1000000
   141 2201 1000000
   142 2201 1000000
   143 2201 1000000
   144 2201 1000000
   145 2201 1000000
   146 2202 1000000
   147 2202 1000000
   148 2203 1000000
   149 2203 1000000
   150 2204 1000000
   151 2204 1000000
   152 2205 1000000
   153 2206 1000000
   154 2207 1000000
   155 2208 1000000
   156 2209 1000000
   157 2209 1000000
   158 2209 1000000
   159 2209 1000000
   160 2209 1000000
   161 2209 1000000
   162 2210 1000000
   163 2210 1000000
   164 2210 1000000
   165 2210 1000000
   166 2210 1000000
   167 2210 1000000
   168 2211 1000000
   169 2211 1000000
   170 2211 1000000
   171 2211 1000000
   172 2212 1000000
   173 2212 1000000
   174 2212 1000000
   175 2212 1000000
   176 2212 1000000
   177 2213 1000000
   178 2213 1000000
   179 2213 1000000
   180 2213 1000000
   181 2213 1000000
   182 2213 1000000
   183 2214 1000000
   184 2214 1000000
   185 2215 1000000
   186 2215 1000000
   187 2216 1000000
   188 2216 1000000
   189 2217 1000000
   190 2218 1000000
   191 2219 1000000
   192 2220 1000000
   193 2221 1000000
   194 2222 1000000
   195 2223 1000000
   196 2224 1000000
   197 2224 1000000
   198 2225 1000000
   199 2225 1000000
   200 2225 1000000
   201 2225 1000000
   202 2225 1000000
   203 2225 1000000
   204 2226 1000000
   205 2226 1000000
   206 2226 1000000
   207 2226 1000000
   208 2226 1000000
   209 2227 1000000
   210 2227 1000000
   211 2228 1000000
   212 2228 1000000
   213 2229 1000000
   214 2229 1000000
   215 2230 1000000
   216 2230 1000000
   217 2230 1000000
   218 2230 1000000
   219 2231 1000000
   220 2231 1000000
   221 2231 1000000
   222 2232 1000000
   223 2232 1000000
   224 2232 1000000
   225 2233 1000000
   226 2233 1000000
   227 2233 1000000
   228 2234 1000000
   229 2235 1000000
   230 2236 1000000
   231 2237 1000000
   232 2237 1000000
   233 2238 1000000
   234 2238 1000000
   235 2238 1000000
   236 2238 1000000
   237 2239 1000000
   238 2240 1000000
   239 2240 1000000
   240 2240 1000000
   241 2240 1000000
   242 2240 1000000
   243 2240 1000000
   244 2241 1000000
   245 2241 1000000
   246 2241 1000000
   247 2241 1000000
   248 2241 1000000
   249 2241 1000000
   250 2241 1000000
   251 2241 1000000
   252 2242 1000000
   253 2242 1000000
   254 2242 1000000
   255 2242 1000000
   256 2242 1000000
   257 2243 1000000
   258 2243 1000000
   259 2243 1000000
   260 2243 1000000
   261 2243 1000000
   262 2243 1000000
   263 2244 1000000
   264 2244 1000000
   265 2245 1000000
   266 2245 1000000
   267 2245 1000000
   268 2245 1000000
   269 2246 1000000
   270 2246 1000000
   271 2246 1000000
   272 2246 1000000
   273 2247 1000000
   274 2247 1000000
   275 2247 1000000
   276 2247 1000000
   277 2248 1000000
   278 2248 1000000
   279 2248 1000000
   280 2248 1000000
   281 2249 1000000
   282 2250 1000000
   283 2251 1000000
   284 2252 1000000
   285 2253 1000000
   286 2254 1000000
   287 2254 1000000
   288 2254 1000000
   289 2254 1000000
   290 2255 1000000
   291 2255 1000000
   292 2255 1000000
   293 2255 1000000
   294 2256 1000000
   295 2256 1000000
   296 2256 1000000
   297 2256 1000000
   298 2257 1000000
   299 2257 1000000
   300 2258 1000000
   301 2258 1000000
   302 2258 1000000
   303 2258 1000000
   304 2259 1000000
   305 2259 1000000
   306 2260 1000000
   307 2260 1000000
   308 2260 1000000
   309 2260 1000000
   310 2261 1000000
   311 2262 1000000
   312 2263 1000000
   313 2264 1000000
   314 2264 1000000
   315 2265 1000000
   316 2171 1000000
   317 2171 1000000
   318 2172 1000000
   319 2172 1000000
   320 2172 1000000
   321 2172 1000000
   322 2172 1000000
   323 2172 1000000
   324 2172 1000000
   325 2173 1000000
   326 2173 1000000
   327 2173 1000000
   328 2173 1000000
   329 2173 1000000
   330 2173 1000000
   331 2173 1000000
   332 2173 1000000
   333 2174 1000000
   334 2177 1000000
   335 2178 1000000
   336 2178 1000000
   337 2178 1000000
   338 2178 1000000
   339 2178 1000000
   340 2178 1000000
   341 2178 1000000
   342 2178 1000000
   343 2183 1000000
   344 2186 1000000
   345 2186 1000000
   346 2188 1000000
   347 2190 1000000
   348 2190 1000000
   349 2195 1000000
   350 2196 1000000
   351 2198 1000000
   352 2198 1000000
   353 2198 1000000
   354 2198 1000000
   355 2198 1000000
   356 2198 1000000
   357 2198 1000000
   358 2199 1000000
   359 2199 1000000
   360 2199 1000000
   361 2199 1000000
   362 2199 1000000
   363 2199 1000000
   364 2199 1000000
   365 2199 1000000
   366 2200 1000000
   367 2200 1000000
   368 2200 1000000
   369 2200 1000000
   370 2200 1000000
   371 2200 1000000
   372 2200 1000000
   373 2200 1000000
   374 2209 1000000
   375 2209 1000000
   376 2210 1000000
   377 2210 1000000
   378 2213 1000000
   379 2225 1000000
   380 2225 1000000
   381 2225 1000000
   382 2231 1000000
   383 2231 1000000
   384 2231 1000000
   385 2231 1000000
   386 2232 1000000
   387 2232 1000000
   388 2232 1000000
   389 2232 1000000
   390 2233 1000000
   391 2233 1000000
   392 2233 1000000
   393 2233 1000000
   394 2233 1000000
   395 2240 1000000
   396 2240 1000000
   397 2240 1000000
   398 2241 1000000
   399 2241 1000000
   400 2241 1000000
   401 2241 1000000
   402 2242 1000000
   403 2242 1000000
   404 2242 1000000
   405 2242 1000000
   406 2242 1000000
   407 2242 1000000
   408 2242 1000000
   409 2243 1000000
   410 2247 1000000
   411 2247 1000000
   412 2247 1000000
   413 2247 1000000
   414 2247 1000000
   415 2247 1000000
   416 2247 1000000
   417 2248 1000000
   418 2254 1000000
   419 2256 1000000
   420 2260 1000000
   
98

   2168
   2169
   2170
   2171
   2172
   2173
   2174
   2175
   2176
   2177
   2178
   2179
   2180
   2181
   2182
   2183
   2184
   2185
   2186
   2187
   2188
   2189
   2190
   2191
   2192
   2193
   2194
   2195
   2196
   2197
   2198
   2199
   2200
   2201
   2202
   2203
   2204
   2205
   2206
   2207
   2208
   2209
   2210
   2211
   2212
   2213
   2214
   2215
   2216
   2217
   2218
   2219
   2220
   2221
   2222
   2223
   2224
   2225
   2226
   2227
   2228
   2229
   2230
   2231
   2232
   2233
   2234
   2235
   2236
   2237
   2238
   2239
   2240
   2241
   2242
   2243
   2244
   2245
   2246
   2247
   2248
   2249
   2250
   2251
   2252
   2253
   2254
   2255
   2256
   2257
   2258
   2259
   2260
   2261
   2262
   2263
   2264
   2265
   
   98

   2168
   2169
   2170
   2171
   2172
   2173
   2174
   2175
   2176
   2177
   2178
   2179
   2180
   2181
   2182
   2183
   2184
   2185
   2186
   2187
   2188
   2189
   2190
   2191
   2192
   2193
   2194
   2195
   2196
   2197
   2198
   2199
   2200
   2201
   2202
   2203
   2204
   2205
   2206
   2207
   2208
   2209
   2210
   2211
   2212
   2213
   2214
   2215
   2216
   2217
   2218
   2219
   2220
   2221
   2222
   2223
   2224
   2225
   2226
   2227
   2228
   2229
   2230
   2231
   2232
   2233
   2234
   2235
   2236
   2237
   2238
   2239
   2240
   2241
   2242
   2243
   2244
   2245
   2246
   2247
   2248
   2249
   2250
   2251
   2252
   2253
   2254
   2255
   2256
   2257
   2258
   2259
   2260
   2261
   2262
   2263
   2264
   2265
